-105.36 615.088 1624.47
-118.203 461.775 1698.17
-296.573 465.371 1712.3
60.166 458.179 1684.03
-353.917 272.955 1766.74
121.987 247.05 1745.7
-380.793 -2.87097 1698.9
144.088 10.9804 1676.51
-121.288 264.006 1709.56
-225.294 68.2724 1728.95
-23.4502 64.2028 1712.96
-231.816 -346.564 1753.55
-25.4541 -332.24 1727.16
-218.419 -739.058 1865.29
-34.3003 -713.1 1835.06
-83.1862 598.658 1640.74
-130.585 465.229 1706.36
-325.209 468.757 1730.82
64.0388 461.702 1681.9
-358.146 263.276 1762.57
124.557 257.324 1752.61
-387.439 0.697337 1701.88
149.676 23.5097 1681.42
-132.389 275.435 1719.37
-253.774 87.8074 1747.41
-14.6138 83.4729 1717.36
-238.571 -343.647 1771.17
-20.7363 -311.993 1722.7
-217.908 -755.058 1896.8
-29.4145 -692.018 1834.23
-59.2762 570.231 1659.08
-134.585 477.387 1722.09
-330.553 477.959 1757.18
61.3825 476.814 1687
-364.29 249.112 1782.9
133.416 285.306 1753.28
-394.522 -32.5472 1718.6
156.227 42.8788 1669.63
-132.56 309.745 1736.14
-278.231 142.535 1776.63
17.1629 141.672 1723.75
-276.035 -385.97 1799.44
11.033 -250.388 1725.63
-250.732 -793.069 1931.97
0.893999 -626.803 1840.23
-73.5842 538.629 1672.68
-53.2012 372.288 1760.9
-208.938 397.348 1764.01
102.536 347.228 1757.79
-371.536 370.825 1797.7
118.745 134.972 1750.94
-286.786 233.424 1755.89
138.819 -105.847 1675.19
-81.8267 193.317 1769.56
-214.054 31.018 1780.29
-6.85016 -2.32367 1776.14
-252.831 -331.383 1830.55
-14.6623 -378.203 1768.57
-239.79 -684.776 1928.1
-13.1012 -754.355 1841.72
-85.672 545.973 1680.06
-83.6957 432.263 1780.67
-243.611 446.183 1788.78
76.2193 418.342 1772.57
-370.829 316.785 1795.14
112.786 179.5 1769.61
-378.049 74.2953 1734.36
132.54 -65.9353 1692.53
-101.491 230.348 1776.35
-225.653 37.6918 1777.41
-12.9205 19.174 1766.63
-250.07 -345.958 1840.13
-17.2399 -363.057 1758.87
-241.579 -712.193 1954.2
-15.8279 -737.733 1856.84
-74.7021 442.959 1745.73
-184.296 335.933 1782.73
-378.148 297.987 1794.99
9.5568 373.879 1770.48
-393.773 112.083 1781.44
103.108 198.815 1807.33
-348.345 -85.1097 1724.06
122.343 -35.5727 1726.11
-151.385 170.728 1791.78
-224.294 -15.1916 1807.52
-12.6552 26.2362 1794.14
-259.064 -396.554 1876.5
-21.5233 -328.681 1752.41
-244.898 -761.939 2000.22
-16.0143 -727.584 1791.83
-115.155 538.562 1780.12
-188.431 351.273 1793.93
-386.128 322.608 1812.8
9.26512 379.939 1775.07
-384.686 159.743 1812.79
94.0331 194.36 1826.3
-361.866 -57.012 1714.65
113.764 -27.1594 1760.01
-162.933 179.012 1799.39
-240.206 -8.15036 1814.66
-34.6627 21.653 1795.04
-264.131 -399.15 1891.51
-22.0025 -342.34 1751.93
-247.889 -763.14 2023.46
-36.3107 -734.758 1838.54
-123.806 528.755 1749.63
-180.158 348.857 1796.79
-369.435 328.667 1817.92
9.11945 369.047 1775.67
-384.668 166.503 1812.34
77.7748 174.034 1848.5
-360.15 -57.06 1722.01
102.186 -39.4111 1779.69
-160.63 176.038 1806.59
-240.934 -7.4294 1827.54
-41.2688 13.8686 1805.25
-268.586 -394.03 1900.91
-20.9286 -345.655 1754.49
-252.275 -758.791 2033.56
-37.0082 -741.655 1841.39
-237.88 332.207 1839.28
-189.353 432.647 1845.08
-385.488 393.501 1795.54
6.78183 471.794 1894.63
-420.101 212.287 1781.89
71.4848 269.883 1964.39
-376.388 -1.17784 1715.12
87.151 -7.44547 1871.64
-162.542 258.349 1876.66
-279.51 55.3538 1871.92
8.04845 112.747 1944.56
-295.832 -323.147 1928.38
-20.1985 -354.455 1834.92
-271.62 -693.982 2045.65
-26.6357 -777.699 1783.66
-136.896 634.626 1806.75
-187.302 445.324 1854.82
-378.866 421.167 1814.68
4.26228 469.481 1894.95
-414.398 237.706 1792.57
59.5671 290.665 1989.38
-387.856 17.1309 1728.12
82.8895 -20.094 1896.32
-170.809 266.493 1883.74
-288.259 70.7704 1884.59
-20.3741 104.552 1940.72
-300.935 -313.525 1937.5
-25.5488 -368.445 1839.31
-274.482 -687.224 2047.87
-32.0882 -795.005 1781.35
-136.506 636.868 1813.45
-185.367 455.816 1867.36
-371.625 446.335 1851.98
0.890172 465.297 1882.73
-430.357 266.4 1835.85
55.429 292.403 1988.06
-395.97 11.1272 1756.1
90.8771 -42.5479 1918.51
-177.206 268.184 1884.19
-282.385 74.7829 1891.66
-55.7036 86.3215 1910.37
-294.547 -325.213 1946.53
-42.702 -369.101 1841.58
-268.367 -701.344 2053.5
-43.3263 -780.68 1776.19
-168.252 648.484 1799.57
-202.208 523 1901.21
-372.582 514.947 1900.65
-31.8336 531.054 1901.78
-428.779 318.45 1945.66
25.3546 345.913 1987.52
-402.624 -2.46226 1807.83
69.0738 48.6844 1944.84
-191.549 296.967 1908.81
-287.145 65.9115 1916.06
-74.6332 75.9567 1916.76
-285.836 -351.692 1946.8
-55.7613 -358.002 1853.15
-258.393 -731.131 2053.03
-57.8466 -759.123 1949.59
-208.467 550.883 1821.04
-201.893 500.953 1922.5
-391.107 491.886 1916.32
-12.6778 510.019 1928.67
-446.421 363.697 1962.09
38.8187 309.333 1988.69
-432.7 41.9899 1837.96
82.3888 21.0347 1944.54
-190.948 269.402 1927.11
-292.229 32.4742 1928.05
-67.7781 43.2291 1935.38
-284.901 -362.526 1946.8
-58.2626 -355.174 1861.84
-256.665 -743.609 2048.14
-60.3625 -747.496 1958.51
-205.27 517.76 1822.51
-215.768 363.848 1910.73
-392.406 343.645 1914.03
-39.13 384.052 1907.43
-448.911 127.489 1866.01
28.6188 200.796 1988.1
-416.939 -36.5387 1872.8
54.4283 -23.6008 1906.11
-195.698 190.01 1920.74
-274.927 4.81358 1932.6
-76.3279 27.5291 1928.89
-283.423 -382.591 1957.79
-74.1241 -353.479 1877.92
-260.153 -737.459 2065.57
-67.1998 -726.683 1953.07
-168.625 524.879 1841.41
-214.912 383.273 1918.71
-393.681 365.961 1924.4
-36.1439 400.585 1913.02
-447.544 150.003 1900.01
18.0819 220.547 1986.3
-420.542 -30.3447 1870.62
54.3593 -27.5405 1885.48
-197.102 201.679 1925.77
-280.699 10.2647 1936.06
-77.8846 29.9052 1929.61
-284.923 -382.664 1963.77
-80.4629 -354.747 1890.1
-257.44 -735.427 2093.36
-79.4778 -727.346 1969.96
-180.258 556.325 1829.71
-194.161 401.675 1902.82
-361.621 397.577 1919.53
-26.7023 405.773 1886.11
-425.924 201.516 1918.48
29.5301 225.14 1970.12
-399.687 -31.9263 1838.92
76.6994 -16.5578 1837.78
-188.036 215.301 1918.49
-283.849 26.4333 1944.33
-79.9745 31.4226 1923.99
-286.916 -372.27 1971.56
-84.5695 -364.405 1914.08
-260.803 -725.482 2102.57
-90.6531 -717.902 1992.49
-179.977 564.789 1830.61
-187.108 419.407 1910.25
-348.232 419.024 1924.74
-25.9844 419.789 1895.76
-421.425 246.308 1928.68
33.8235 232.919 1951.64
-381.637 -1.27947 1792.49
92.9996 7.71146 1786.14
-185.429 225.748 1923.8
-286.117 31.8454 1946.56
-81.3839 32.3319 1928.15
-287.769 -370.98 1972.91
-85.0076 -366.889 1920.13
-261.76 -737.123 2093.9
-89.4917 -739.818 2015.82
-180.662 571.227 1830.46
-194.046 453.401 1927.47
-360.405 450.678 1936.67
-27.6878 456.124 1918.27
-416.787 250.946 1926.85
40.4048 248.442 1930
-347.34 29.6189 1730.2
107.888 48.0162 1729.14
-190.257 247.352 1935.01
-287.195 39.6554 1948.11
-85.7413 42.9527 1936.97
-288.736 -367.015 1974.48
-83.5323 -370.145 1929.94
-263.574 -735.641 2092.23
-84.9603 -750.572 2024.83
-178.498 587.446 1831.74
-195.756 536.579 1979.03
-359.922 532.238 1983.79
-31.5905 540.919 1974.27
-390.002 359.198 1875.95
72.9541 373.822 1825.27
-293.488 206.914 1618.12
145.592 195.842 1570
-189.96 342.782 2002.2
-285.112 146.316 2028.3
-83.2154 151.654 2022.44
-252.87 -289.756 2049.07
-77.4582 -315.886 1960.03
-269.456 -686.21 1975.57
-81.9264 -703.545 2013.53
-180.258 571.493 1830.79
-200.187 550.509 1976.13
-363.26 544.052 1989.13
-37.1135 556.966 1963.13
-365.295 352.48 1823.72
86.5065 409.547 1836.29
-278.149 290.702 1520.96
157.551 323.229 1410.03
-191.215 354.499 1991.33
-278.841 154.665 2014.23
-85.6435 162.314 1998.83
-249.494 -294.96 2063.7
-83.0555 -289.625 1942.06
-268.233 -693.648 2027.53
-84.1681 -698.36 2003.88
-183.079 568.475 1836.82
-196.79 554.198 1983.5
-357.32 551.419 1997.95
-36.2609 556.977 1969.05
-362.796 359.164 1816.32
84.3184 482.134 1794.06
-299.963 399.405 1494.48
171.706 444.812 1525.51
-192.538 347.666 1991.02
-290.946 139.357 2007.78
-85.6274 142.911 1989.29
-282.278 -338.854 2040.83
-81.9738 -300.609 1943.74
-289.345 -741.061 2028.99
-79.7186 -697.664 2011.41
-183.382 587.455 1845.79
-190.993 554.711 1987.61
-349.862 555.087 2008.3
-32.1245 554.334 1966.93
-395.628 552.168 1783.9
156.973 649.108 1837.18
-329.438 616.179 1512.83
166.449 708.744 1595.78
-190.869 343.098 1992.42
-294.602 131.732 2010.75
-86.8869 131.24 1983.71
-300.404 -348.009 2035.16
-76.5852 -330.379 1978.87
-292.858 -757.172 2079.43
-50.7077 -751.246 2108.49
-181.256 600.335 1854.46
-186.428 555.592 1990.88
-346.141 556.948 2013.5
-26.7158 554.237 1968.25
-399.627 568.734 1778.9
141.374 682.479 1859.11
-342.011 771.479 1708.64
145.43 781.546 1710.31
-187.91 341.091 1993.27
-291.652 127.457 2010.15
-87.1299 125.721 1981.18
-304.091 -352.727 2030.03
-77.1357 -347.371 1993.15
-281.354 -777.365 2095.48
-56.3833 -754.878 2104.11
-172.72 715.486 1998.56
-189.196 538.317 1987.2
-351.106 539.726 2022.88
-27.2865 536.908 1951.51
-459.819 707.277 1940.12
-20.7451 358.824 2128.2
-345.825 740.66 1685.87
3.44057 88.4215 2020.52
-189.491 319.757 1994.49
-293.06 102.097 2024.55
-86.51 100.299 1979.02
-304.015 -361.798 2028.1
-76.4933 -351.225 2000.03
-284.471 -783.324 2102.87
-67.9071 -748.97 2105.25
-174.637 711.556 1962.31
-190.286 530.768 1985.72
-353.022 533.066 2027.82
-27.5504 528.47 1943.63
-467.677 715.105 1922.55
-18.8945 372.266 2098.49
-347.072 758.018 1724.53
3.13275 98.046 2015.27
-190.742 309.648 1996.03
-295.401 89.9996 2033.3
-86.9945 87.0566 1979.39
-297.627 -376.031 2024.95
-76.7399 -354.03 2001.98
-279.978 -796.665 2102.96
-69.0723 -748.782 2102.53
-174.299 710.343 1957.72
-181.849 601.199 2016.84
-333.537 603.699 2027.15
-30.1611 598.698 2006.53
-444.082 839.572 1981.04
77.2641 784.358 1927.45
-333.512 891.025 1745.02
-15.8634 69.4976 2017.82
-186.401 346.706 2011.59
-295.446 93.9362 2013.45
-86.4594 90.4913 1999.24
-298.841 -368.445 2008.99
-76.1947 -357.62 2018.06
-278.167 -797.462 2088.87
-68.7268 -753.758 2118.92
-173.603 709.074 1953.34
-175.093 597.938 2027.59
-331.089 602.638 2029.19
-19.0965 593.238 2025.99
-444.761 860.904 1980.83
78.4162 784.836 1918.29
-329.426 905.696 1771.8
-34.2692 202.211 2001.12
-182.729 348.216 2016.65
-295.216 101.653 2006.79
-85.5147 95.3346 2004.64
-296.919 -368.849 2005.92
-75.7261 -357.209 2022.41
-276.654 -800.987 2088.03
-68.4043 -756.406 2123.84
-172.594 704.487 1935.09
-174.622 596.305 2028.85
-329.091 600.978 2030.32
-20.1527 591.632 2027.39
-440.081 868.025 1988.32
89.9051 788.582 1937.17
-338.185 924.821 1788.64
51.0191 549.435 1955.52
-182.217 349.015 2016.88
-294.506 104.892 2005.9
-85.1179 98.5568 2003.92
-294.906 -369.03 2008.04
-76.6095 -356.65 2020.74
-275.946 -802.605 2088.98
-69.8291 -757.87 2123.88
-170.986 705.138 1922.09
-173.095 596.873 2029.31
-328.48 601.037 2025.68
-17.7106 592.708 2032.93
-312.68 352.436 2046.63
97.2729 791.572 1955.57
-452.951 905.206 2011.18
-57.0449 340.13 1967.63
-179.596 342.125 2015.33
-285.278 90.0349 1999.05
-86.9169 84.7187 2003.68
-285.846 -364.185 2011.13
-76.6551 -375.027 2024.55
-273.696 -792.878 2093.53
-64.835 -785.541 2146.55
-171.137 705.314 1921.91
-174.541 596.398 2026.39
-329.734 599.99 2022.68
-19.3486 592.805 2030.11
-313.124 367.598 2058.89
59.6852 632.936 2100.12
-442.669 888.041 2039.46
-25.3934 374.965 2008.15
-180.191 338.368 2012.88
-283.745 82.6051 1997.03
-87.9358 78.0724 2001.72
-282.427 -362.45 2012.34
-77.8034 -381.314 2021.37
-274.697 -786.433 2097.5
-69.9968 -787.56 2133.85
-170.545 717.271 1924.79
-178.307 574.795 2018.98
-335.806 575.28 2014.85
-20.8076 574.311 2023.11
-324.471 423.494 2053.69
-26.7025 374.446 2051.81
-458.377 911.493 2047.39
-1.76586 516.987 2067.23
-178.872 336.879 2012.63
-281.413 99.2764 2003.6
-77.4628 98.6487 2008.94
-281.464 -345.25 2018.81
-77.4324 -400.522 2012.61
-275.741 -766.036 2107.19
-72.8953 -807.325 2118.49
-170.273 712.198 1921.87
-180.017 562.877 2017.39
-335.054 561.128 2017.59
-24.9804 564.627 2017.19
-334.305 467.671 2054.24
-27.1607 352.275 2050.65
-457.2 918.967 2056.31
-64.4899 561.906 2026.13
-177.411 331.053 2009.67
-280.539 98.0358 2002.08
-69.0707 100.422 2001.81
-282.352 -347.348 2017.14
-75.8115 -396.5 2013.1
-275.682 -765.198 2105.16
-74.7184 -805.976 2114.08
-170.725 710.786 1922.34
-180.063 563.888 2017.92
-331.091 563.418 2017.82
-29.0345 564.357 2018.02
-330.009 450.55 2064.83
-28.4036 328.707 2054.7
-446.891 895.305 2069.49
22.156 397.945 1969.1
-179.336 331.608 2011.2
-282.288 99.005 2004.42
-74.9298 99.6499 2004.56
-283.147 -352.869 2013.71
-77.5189 -385.628 2013.49
-262.912 -757.412 2087.24
-75.4388 -796.435 2113.58
-170.644 710.389 1922.22
-180.706 557.753 2017.8
-333.736 556.373 2013.92
-27.6766 559.134 2021.68
-332.892 437.099 2068.84
57.8876 751.401 2100.78
-376.247 682.713 1906.84
-59.0385 372.749 1975.85
-178.494 329.95 2011.61
-281.13 101.201 2002.77
-71.435 103.092 2008.09
-281.858 -353.634 2011.76
-75.1293 -380.657 2010.1
-264.835 -778.948 2106.33
-75.1248 -805.006 2102.18
-169.055 708.218 1921.8
-181.805 552.423 2014.05
-334.499 550.705 2010.03
-29.1107 554.14 2018.08
-333.531 423.312 2074.44
56.9945 748.858 2095.46
-372.522 604.393 1939.86
-57.1816 382.746 1978.38
-179.124 326.404 2008.8
-281.284 99.2065 2000.78
-71.6011 101.565 2006.31
-280.673 -357.834 2010.63
-75.333 -388.003 2010.15
-265.851 -772.145 2101.1
-74.3217 -806.836 2104.07
-167.611 707.036 1922.29
-181.841 550.57 2002.97
-331.551 548.824 2005.36
-32.1322 552.316 2000.57
-329.046 404.974 2075.78
-8.19246 570.277 2083.16
-278.375 615.604 1987.85
-60.8255 460.229 2007.66
-179.214 324.253 2002.21
-280.945 96.7181 2003.12
-72.2275 99.1524 1999.78
-279.102 -362.383 2013.97
-75.8179 -390.258 2007.21
-268.55 -790.289 2111.31
-74.5031 -807.328 2103.67
-167.844 710.331 1923.93
-181.626 575.629 2010.35
-327.825 573.853 2016.63
-35.4265 577.404 2004.07
-323.345 371.511 2083.69
-2.10501 569.439 2080
-375.657 615.34 2056.53
-64.4444 414.22 1976.42
-178.925 342.754 2007.4
-276.836 108.658 2008.78
-75.6115 111.102 2000.13
-274.714 -375.42 2009.08
-77.1046 -377.174 2008.82
-266.393 -792.048 2100.9
-76.1841 -793.509 2106.84
-167.829 713.245 1926.06
-179.19 574.66 2015.03
-328.776 574.034 2035.87
-29.6032 575.285 1994.19
-324.122 332.63 2088.38
-0.254726 561.21 2081.16
-368.954 376.757 1987.38
3.5863 41.0735 2035.22
-178.678 343.538 2011.77
-278.197 111.998 2022.44
-78.1355 112.834 1994.57
-274.38 -385.419 2014.18
-77.2623 -366.372 2000
-268.639 -802.408 2101.37
-76.7837 -784.58 2101.52
-168.148 731.746 1958.33
-175.693 568.229 2023.61
-322.401 568.506 2042.27
-28.9837 567.951 2004.95
-320.886 340.57 2102.26
-18.3861 326.68 2066.23
-374.099 342.941 2006.28
14.7879 36.6654 1955.93
-177.1 337.903 2015.97
-278.314 107.766 2021.03
-78.7006 107.388 1995.63
-275.529 -375.854 2015.93
-77.9019 -374.137 1997.48
-268.405 -794.329 2099.57
-85.1122 -803.752 2072.06
-163.265 753.567 1944.42
-176.964 575.775 2028.03
-324.154 575.923 2047.79
-29.7731 575.626 2008.26
-318.868 340.803 2111.44
-20.142 328.364 2068.31
-350.87 322.094 2001.88
13.5546 36.824 1954.39
-178.485 340.331 2018.47
-279.655 104.987 2022.29
-80.3562 104.786 1995.52
-275.853 -375.216 2016.93
-78.9869 -376.982 1996.27
-266.033 -794.444 2101.18
-82.5262 -800.371 2079.31
-164.26 766.56 1937.85
-177.776 574.889 2025.4
-325.642 575.108 2048.73
-29.9095 574.67 2002.06
-335.242 396.317 2099.83
-19.6814 332.954 2067.31
-351.117 348.831 2013.44
13.3211 43.5697 1952.95
-178.88 348.72 2020.53
-280.115 122.7 2031.45
-79.8542 122.403 1999.85
-290.917 -364.996 2018.25
-77.0468 -356.54 2000.75
-267.594 -809.019 2091.96
-79.7419 -777.139 2083.73
-165.032 767.102 1947.31
-177.611 571.941 2023.74
-327.074 573.269 2050.65
-28.148 570.613 1996.83
-427.156 792.866 1998.29
-11.9992 392.388 2073.35
-385.186 549.885 2011.7
14.3865 36.2894 1956.97
-180.093 344.279 2021.19
-282.157 117.503 2036.57
-82.993 115.733 2000.71
-285.931 -379.876 2018.24
-77.8035 -362.14 1996.69
-267.79 -811.336 2095.91
-79.2973 -776.753 2083.25
-175.831 784.93 2046.61
-178.91 592.739 2045.92
-326.694 593.255 2063.89
-31.1258 592.223 2027.95
-432.191 799.574 1966
66.564 816.603 1968.8
-303.236 471.255 2026.68
-70.7939 1012.66 1890.95
-181.265 355.495 2033.37
-283.55 118.6 2032.97
-83.6899 117.902 2008.67
-288.214 -376.521 2012.87
-82.6431 -331.771 1997.56
-269.388 -812.172 2090.1
-84.6879 -747.077 2077.42
-175.528 788.469 2043.03
-177.353 601.984 2055.73
-326.617 603.137 2070.24
-28.0894 600.83 2041.22
-430.786 799.691 1957.47
66.6964 814.175 1933.77
-339.44 563.58 2022
-66.9335 1005.94 1893.47
-180.895 360.374 2038.5
-284.842 119.541 2031.04
-84.0319 117.989 2011.52
-286.577 -377.747 2008.19
-80.0433 -345.768 2004.72
-269.489 -810.095 2088.23
-84.1552 -763.219 2078.14
-172.971 786.831 2025.64
-175.631 605.561 2060.67
-327.103 607.41 2071.44
-24.1586 603.713 2049.91
-433.785 789.706 1928.85
68.3524 789.267 1911.63
-301.366 708.568 2138.3
-64.4587 1005.29 1896.75
-179.996 362.403 2041.02
-284.009 120.461 2028.44
-84.7136 118.028 2014.27
-286.185 -374.289 2005.72
-79.616 -353.861 2007.91
-269.67 -805.376 2089.46
-86.1545 -774.578 2076.32
-173.011 784.467 2014.35
-174.342 573.469 2045.2
-327.13 577.073 2050.41
-21.5538 569.866 2039.99
-383.762 580.352 1832.84
81.1419 608.801 1861.86
-337.608 665.549 1995.37
-58.4092 994.504 1882.9
-180.414 344.324 2025.62
-286.43 117.536 2009.46
-86.5417 112.821 2002.64
-284.15 -367.009 2014.68
-82.8581 -362.925 1997.37
-270.98 -794.799 2108.89
-89.8026 -781.451 2055.4
-174.545 778.235 2004.47
-172.576 557.04 2039.92
-324.457 562.21 2039.83
-20.6955 551.87 2040
-359.803 480.473 1854.64
73.8491 561.706 1870.7
-372.409 662.702 2047.54
-50.0593 948.279 1862.45
-180.142 334.469 2020.14
-289.25 115.354 2000.31
-86.1641 108.442 2000.42
-284.448 -362.735 2015.03
-83.6645 -366.625 1999.62
-274.392 -790.846 2110.83
-76.9722 -783.567 2076.31
-159.615 773.619 1957.3
-168.213 556.33 2015.99
-321.222 562.77 2020.38
-15.2031 549.89 2011.6
-353.862 372.562 1915.26
41.9035 315.328 1860.91
-287.871 180.23 1771.68
33.9608 155.22 1623.95
-177.786 333.431 2009.29
-287.599 114.75 2005.47
-87.1194 106.313 1999.72
-284.297 -364.307 2017.23
-82.7718 -369.926 1998.64
-282.251 -790.347 2118.2
-82.6345 -787.072 2067.05
-157.693 768.049 1958.29
-170.335 566.735 2009.17
-323.811 572.625 2007.61
-16.8583 560.845 2010.73
-356.246 375.904 1921.82
35.841 316.551 1900.46
-312.341 117.706 1740.79
37.6334 47.0143 1707.68
-179.013 339.954 2006.7
-287.167 116.99 2003.21
-88.2144 109.355 2005.23
-284.247 -362.228 2013.22
-82.8077 -372.942 2002.04
-278.795 -788.469 2109.83
-82.1322 -790.643 2066.59
-150.404 768.863 1963.14
-178.325 575.027 2010.22
-334.709 577.934 2006.96
-21.9399 572.121 2013.47
-355.981 341.977 1938.2
21.114 312.535 1932.26
-320.115 17.7316 1799.27
38.1059 -3.92825 1796.94
-182.591 343.279 2008.28
-285.25 113.359 2004.3
-88.4667 109.702 2008.39
-285.119 -369.337 2007.15
-84.1691 -373.467 2009.7
-279.238 -794.414 2105.58
-82.5691 -789.627 2073.58
-168.874 776.195 1971.56
-182.858 579.407 2010.74
-342.077 580.675 2007.93
-23.639 578.138 2013.54
-383.389 317.667 2035.17
14.506 313.462 1986.35
-385.677 13.1979 1957.45
30.4027 -46.4529 1937.66
-184.675 346.065 2008.37
-284.397 113.502 2004.28
-88.5887 111.942 2007.73
-285.085 -369.137 2006.7
-83.6363 -371.011 2007.4
-282.239 -794.741 2106.87
-80.9591 -787.729 2084.24
-194.19 801.102 1992.41
-191.815 588.442 2018.26
-354.454 568.858 2014.77
-29.1748 608.027 2021.76
-402.78 319.34 2044.38
18.5971 355.069 2036.78
-421.744 36.8441 2002.93
30.8792 26.7133 1925.04
-168.743 396.667 2019.26
-276.964 189.081 2017.44
-14.3791 220.701 2023.08
-284.238 -390.255 2009.82
-85.281 -346.528 2005.26
-284.03 -793.079 2109.26
-80.243 -756.338 2106.67
-185.728 809.689 1957.93
-191.851 581.257 2015.3
-358.365 571.052 2012
-25.3375 591.463 2018.6
-426.16 336.596 2056.34
22.7706 325.349 2057.82
-459.625 17.5921 2080.72
52.5158 -7.26683 2057.03
-178.854 369.563 2014.17
-281.515 150.779 2010.74
-50.1976 164.957 2015.32
-284.592 -382.226 2008.45
-83.7947 -360.34 2009.24
-283.603 -793.221 2110.22
-75.8021 -800.335 2120.34
-186.389 785.349 1942.97
-192.076 583.484 2015.58
-360.459 578.756 2000.54
-23.693 588.212 2030.63
-431.65 371.801 2056.82
33.3337 326.319 2096.32
-477.767 68.3767 2097.1
55.4252 -26.8811 2081.13
-185.149 338.048 2015.18
-315.868 88.7472 2002.48
-40.574 96.4775 2027.08
-294.926 -329.895 2019.03
-73.1952 -416.73 1998.13
-295.06 -730.338 2123.02
-65.3814 -854.547 2111.22
-194.512 737.791 1930.29
-192.467 582.506 2016.76
-363.745 573.298 2003.34
-21.19 591.714 2030.18
-434.582 377.545 2074.19
37.6278 337.297 2103.96
-478.567 25.7698 2123.64
57.2859 -18.2372 2085.93
-178.624 329.28 2013.84
-310.584 68.2149 1999.49
-18.9783 83.8925 2022.35
-294.244 -334.482 2019.05
-73.8923 -414.193 1997.21
-294.894 -723.633 2128.57
-65.0026 -844.096 2113.48
-202.103 502.671 1872.35
-237.799 386.175 1996.45
-408.473 370.134 2010.4
-67.1247 402.217 1982.5
-445.543 204.453 2150.01
51.38 378.228 2123.74
-477.147 -80.3603 2152.11
73.2859 32.9862 2078.43
-219.118 186.606 1995.5
-304.953 -22.7863 2003.1
-95.9235 -3.13949 1986.01
-289.108 -432.612 2015.42
-81.9755 -357.153 1996.36
-292.698 -818.159 2132.9
-69.6011 -744.694 2117.07
-198.945 505.994 1872.78
-243.388 379.477 1994.4
-425.358 358.728 2023.67
-61.4191 400.225 1965.13
-441.751 164.417 2136.37
47.8405 348.512 2117.69
-475.518 -91.2391 2147.3
68.6462 20.2404 2059.96
-221.288 184.509 1993.59
-301.957 -22.177 2009.31
-96.4171 1.25924 1976.25
-285.929 -437.361 2020.45
-85.5159 -367.373 1988.19
-291.376 -816.12 2141.37
-71.6933 -737.126 2114.49
-193.431 510.215 1874.4
-242.512 378.423 1984.28
-426.463 357.593 2018.42
-58.5616 399.252 1950.15
-445.104 145.323 2132.82
46.374 359.368 2111.11
-471.901 -110.174 2139.26
64.5374 36.1784 2034.08
-219.889 183.726 1987.39
-298.015 -22.3778 2009.2
-96.517 0.438472 1971.81
-283.339 -436.364 2023.22
-87.2219 -377.033 1985.82
-289.833 -801.926 2156.43
-74.4769 -737.401 2115.89
-205.898 546.79 1848.09
-219.518 582.138 2009.7
-402.677 579.2 2027.28
-36.3581 585.076 1992.13
-444.088 337.503 2117.13
39.3587 320.807 2057.21
-456.591 -31.7428 2118.19
75.6862 -52.177 1960.44
-215.607 329.79 2008.28
-360.357 75.0578 2021.12
-63.0354 79.8268 1992.58
-315.614 -437.023 2004.49
-57.4695 -314.981 2014.1
-317.311 -846.044 2131.36
-46.5211 -687.899 2145.36
-206.266 551.082 1845.47
-222.645 509.909 2002.38
-402.376 504.65 2031.87
-42.9146 515.168 1972.89
-443.138 312.214 2107.16
35.5028 387.963 2046.87
-447.262 -69.6004 2070.51
77.6998 9.22583 1927.03
-215.812 302.472 2007.03
-363.374 90.5176 2037.01
-54.584 99.5535 1986.35
-316.067 -430.058 2009.45
-54.413 -301.433 2009.78
-316.234 -836.062 2109.04
-45.1086 -666.338 2118.86
-188.132 833.642 1935.15
-211.155 532.167 1990.9
-388.648 527.399 2000.67
-33.663 536.934 1981.13
-438.154 294.283 2054.46
33.2715 344.225 2020.2
-415.356 -60.9548 1950.32
92.3874 18.2203 1847.8
-205.54 317.258 1988.04
-322.459 99.0576 1991.92
-77.3926 105.64 1978.43
-295.579 -397.83 1996.97
-77.0021 -349.562 2002.88
-266.825 -820.709 2092
-76.1905 -765.671 2095.74
-186.983 829.599 1942.01
-206.574 550.422 1989.08
-383.685 545.433 1992.2
-29.4632 555.411 1985.96
-428.619 307.11 2027.95
36.4524 336.787 1990.82
-396.229 -25.6484 1872.76
99.1385 33.1807 1796.97
-200.458 328.763 1981.84
-305.888 103.963 1976.56
-82.7973 110.247 1972.63
-289.315 -380.096 1996.23
-82.2616 -373.157 1996.72
-249.621 -807.624 2091.48
-84.0398 -814.389 2083.04
-178.238 806.39 1940.55
-202.193 556.778 1985.86
-376.467 552.297 1985.71
-27.9184 561.258 1986
-417.902 304.743 1993.15
41.5638 335.158 1954.92
-373.207 5.44407 1801.01
107.781 56.004 1731.42
-196.461 334.034 1980.15
-298.7 108.515 1974.36
-82.7586 114.067 1974.53
-288.291 -368.926 1990.06
-82.5708 -382.021 1995.86
-246.833 -799.315 2087.03
-86.7586 -832.694 2077.11
-181.916 808.947 1950.82
-199.629 562.554 1979.32
-370.265 557.731 1981.32
-28.9923 567.377 1977.33
-375.278 322.584 1879.45
59.9001 346.912 1904
-319.353 108.715 1656.74
127.88 195.11 1590.71
-193.317 339.673 1980.4
-293.088 113.794 1982.72
-80.9213 119.791 1980.25
-287.594 -364.259 1988.88
-81.0512 -383.617 1997.31
-246.47 -796.579 2081.13
-89.939 -833.823 2074.97
-190.795 813.413 1990.71
-194.811 564.744 1977.49
-363.447 562.311 1977.28
-26.1746 567.177 1977.7
-369.547 323.151 1883.34
93.7518 384.454 1868.54
-308.855 157.063 1719.4
124.867 281.743 1535.47
-191.582 340.714 1979.63
-293.324 115.17 1981.63
-83.3804 118.199 1981.9
-287.652 -356.164 1992.98
-81.937 -384.044 1997.63
-258.936 -769.44 2088.32
-90.8585 -834.308 2070.74
-186.342 813.247 1980.16
-162.592 582.099 2010.98
-304.488 587.673 2027.44
-20.6965 576.526 1994.52
-349.709 449.465 1858.24
144.361 510.421 1801.13
-313.293 153.802 1692.88
47.5133 469.752 1689.86
-173.465 359.103 1992.76
-286.042 140.101 1986.33
-82.6348 132.112 1962.74
-288.673 -337.581 1995.36
-78.3742 -367.69 1978.82
-258.822 -764.068 2082.3
-82.4672 -808.668 2051.18
-184.2 809.475 1973.78
-170.286 577.732 2002.52
-318.725 582.465 2017.34
-21.846 572.999 1987.69
-375.745 495.738 1840.59
96.3975 560.543 1822.33
-307.336 206.047 1692.13
108.85 639.052 1554.15
-178.826 353.485 1988.59
-289.371 132.491 1984.86
-85.3631 125.986 1964.48
-288.435 -341.702 1997.97
-81.2803 -374.52 1982.48
-258.064 -769.645 2083.55
-85.0814 -817.799 2056.07
-181.28 808.848 1971.16
-184.595 596.064 1996.38
-337.285 596.974 2004.87
-31.9052 595.155 1987.89
-376.865 650.041 1791.29
88.8999 702.609 1852.54
-306.417 263.319 1714.57
49.3632 629.03 1643.99
-186.496 362.652 1987.2
-291.332 129.852 1983.75
-85.4613 128.626 1972.3
-286.485 -371.065 2004.6
-80.4189 -359.729 1984.55
-260.468 -809.004 2106.61
-87.5399 -792.668 2076.01
-176.014 810.333 1962.26
-185.639 597.401 1994.87
-342.744 598.227 2003.72
-28.5336 596.575 1986.03
-397.783 667.584 1792.2
83.2579 738.696 1862.4
-303.738 325.898 1711.87
39.9954 668.487 1657.07
-187.291 363.372 1987.38
-292.358 129.886 1985.71
-85.529 128.799 1974.07
-287.324 -363.539 1997.81
-80.097 -363.516 1986.19
-265.068 -820.421 2092.36
-86.6195 -798.621 2069.08
-177.668 812.174 1960
-185.543 598.971 1994.16
-344.434 600.034 2001.99
-26.6535 597.907 1986.34
-402.862 701.389 1790.23
77.9278 789.264 1856.69
-321.559 401.374 1715.54
32.1472 709.961 1671.18
-187.476 363.356 1986.95
-293.426 128.438 1984.85
-85.3902 127.045 1974.61
-285.838 -375.178 1998.42
-80.0924 -367.831 1986.17
-271.188 -825.654 2090.51
-88.6082 -805.736 2064.99
-178.184 817.146 1942.74
-186.369 603.001 1990.1
-345.468 603.924 1997.26
-27.2708 602.079 1982.94
-418.598 736.883 1811.28
78.2065 819.417 1884.36
-268.767 421.177 1907.45
37.7891 745.267 1691.08
-188.016 365.416 1984.13
-293.932 128.435 1982.84
-85.3933 127.226 1973.46
-286.703 -366.234 1995.45
-80.8696 -364.051 1982.14
-271.077 -827.549 2095.05
-91.8675 -802.716 2055.03
-176.127 818.725 1934.41
-186.19 606.169 1985.16
-345.009 607.256 1992.6
-27.3716 605.082 1977.72
-425.377 751.14 1839.11
76.3656 830.018 1893.32
-310.473 534.396 1744.07
33.7148 752.838 1725.16
-188.032 366.981 1980.78
-294.021 128.505 1981.28
-85.728 127.08 1971.52
-286.253 -362.475 1994.21
-81.0504 -367.725 1981.84
-271.742 -828.285 2089.69
-90.728 -805.928 2053.53
-189.781 799.553 1917.68
-186.481 607.749 1980.07
-344.935 608.962 1987.08
-28.0259 606.536 1973.06
-442.385 783.772 1831.93
75.257 831.512 1893.82
-322.212 589.305 1722.99
-16.5841 787.259 1983.28
-188.485 368.901 1976.08
-295.153 130.854 1976.72
-85.8272 129.252 1967.46
-286.376 -358.348 1992.26
-81.6139 -365.527 1977.78
-274.206 -824.949 2087.95
-89.957 -807.578 2051.76
-188.136 808.725 1913.76
-189.092 612.868 1973.71
-345.257 613.173 1981.09
-32.9274 612.564 1966.32
-470.088 825.268 1920.44
65.5598 822.039 1935.32
-346.859 661.79 1770.99
-16.0083 789.125 1992.91
-189.677 372.786 1971.25
-294.827 132.908 1973.74
-85.6966 132.5 1963.84
-285.76 -347.036 1977.75
-82.8125 -359.616 1972.08
-267.686 -793.875 2075.05
-92.0899 -803.268 2043.43
-183.068 813.009 1916.4
-190.687 614.061 1966.89
-345.235 613.687 1973.15
-36.1387 614.435 1960.63
-454.35 818.487 1944.09
57.4888 816.116 1950.21
-366.707 718.361 1772.79
-9.92804 813.667 2020.22
-190.177 375.561 1965.23
-294.248 136.809 1967.81
-85.0861 137.315 1959.34
-284.057 -350.484 1976.83
-86.816 -343.203 1959.69
-264.592 -782.697 2066.11
-96.0288 -780.518 2037.46
-223.924 781.48 1928.77
-191.505 614.548 1962.75
-346.103 613.263 1965.19
-36.9075 615.833 1960.3
-278.287 399.529 1972.54
54.5835 810.292 1964.06
-460.724 803.957 1928.94
-35.2779 765.169 2021.21
-189.64 379.995 1957.42
-291.519 144.579 1953.73
-84.0319 146.303 1950.45
-282.75 -346.452 1972.35
-85.5032 -337.915 1952.96
-268.565 -790.482 2068.82
-95.2279 -787.31 2036.38
-210.583 786.733 1922.38
-191.782 613.826 1962.59
-346.406 612.603 1965.83
-37.1576 615.048 1959.35
-281.63 393.035 1980.61
52.0008 811.096 1942.73
-429.109 743.791 1961.47
-89.966 666.797 1989.08
-190.093 380.455 1955.14
-291.865 146.266 1949.86
-84.9432 147.902 1945.53
-280.113 -342.757 1964.34
-85.7294 -336.44 1947.38
-270.659 -785.859 2065.28
-95.7648 -788.53 2036.28
-198.593 795.002 1918.27
-190.966 608.395 1953.84
-345.728 607.502 1960.13
-36.2044 609.288 1947.55
-284.688 400.805 1983.97
36.2302 760.934 1947.44
-402.327 608.582 1850
-9.78181 732.458 1976.25
-189.831 378.047 1949.07
-292.152 147.101 1948.5
-85.2384 148.295 1940.09
-281.781 -342.708 1966.18
-85.603 -341.45 1945.55
-280.368 -789.007 2062.08
-96.1381 -789.678 2035.49
-181.086 833.759 1891.44
-189.193 611.21 1946.35
-344.143 611.055 1953.04
-34.2429 611.364 1939.67
-286.527 404.213 1992.58
-64.0008 371.567 1978.95
-391.489 535.344 1876.29
4.01909 42.1274 1892.14
-189.072 380.447 1943.81
-292.972 149.581 1945.75
-84.9314 149.789 1936.78
-283.5 -343.179 1963.65
-84.0407 -339.892 1937.15
-280.178 -794.264 2063.74
-96.0609 -786.38 2034.03
-175.942 838.715 1885.45
-189.176 621.412 1939.33
-345.532 621.362 1945.29
-32.8201 621.462 1933.37
-284.778 404.717 1999.4
-67.1359 396.135 1995.74
-319.307 630.968 1960.77
5.49207 46.2817 1891.74
-189.172 387.336 1937.47
-293.626 153.225 1939.58
-84.7102 153.292 1931.62
-284.236 -344.245 1960.04
-83.5171 -345.888 1931.24
-280.091 -797.474 2059.97
-95.6392 -784.385 2035.2
-174.569 842.082 1882.15
-189.032 619.12 1942.74
-343.98 618.74 1950.13
-34.0845 619.499 1935.35
-305.681 461.07 1996.63
-18.1308 556.017 1945.66
-410.298 714.24 1958.56
-9.75095 170.306 1956.53
-188.759 386.428 1936.53
-292.987 153.479 1935.3
-83.9838 153.991 1925.33
-284.895 -343.614 1953.63
-81.933 -345.998 1919.82
-278.834 -794.997 2054.11
-96.2327 -778.464 2019.16
-169.1 845.87 1874.99
-187.801 617.219 1941.89
-343.154 616.439 1952.47
-32.4483 617.998 1931.32
-473.999 836.368 1964.64
70.0801 841.948 1850.06
-353.572 617.651 1907.22
-19.5848 200.816 1954.74
-187.312 387.633 1932.16
-292.575 157.516 1929.63
-81.0723 158.577 1915.22
-285.44 -341.328 1949.3
-82.2157 -336.766 1902.43
-276.747 -792.018 2052.22
-97.5383 -769.805 2003.27
-166.182 842.589 1872.46
-186.969 618.935 1936.68
-344.012 617.997 1950.12
-29.9259 619.873 1923.24
-490.504 826.843 1925.32
66.0495 837.151 1841.46
-329.027 630.12 1895.04
-70.6463 364.838 1915.21
-186.296 388.881 1928.48
-291.933 158.191 1929.38
-79.3149 159.461 1911.18
-286.594 -340.648 1949.29
-72.5035 -331.137 1893.15
-275.577 -791.28 2053.19
-76.2438 -777.736 1984.86
-166.245 840.361 1872.2
-187.742 623.028 1929.87
-346.048 621.298 1943.9
-29.4361 624.759 1915.85
-485.944 775.885 1815.44
75.121 824.014 1813.81
-357.995 710.596 1902.92
-85.668 416.157 1925.58
-185.81 392.935 1923.28
-291.094 161.67 1926.19
-76.6631 164.015 1907.19
-287.9 -339.324 1948.88
-64.8999 -331.461 1887.74
-274.656 -787.805 2049.96
-75.8451 -775.266 1980.19
-167.063 838.073 1874.06
-189.869 623.533 1926.78
-349.669 621.011 1939.1
-30.0693 626.054 1914.46
-498.443 784.912 1809.02
70.3067 821.333 1798.7
-275.997 734.143 1926.74
-95.0577 483.296 1915.21
-186.739 394.003 1920.41
-291.139 162.777 1922.33
-76.0763 166.17 1905.75
-288.774 -340.558 1948.26
-54.6923 -333.031 1881.73
-274.074 -789.972 2050.46
-69.4856 -779.965 1970.36
-169.195 825.25 1876.42
-189.04 624.857 1919.55
-350.179 622.256 1934.78
-27.9005 627.459 1904.31
-438.41 629.485 1699.85
-40.0503 381.193 1963.58
-334.443 684.819 1978.11
24.1945 633.754 1845.84
-185.923 395.85 1913.41
-290.458 165.104 1917.44
-75.1565 168.58 1897.09
-289.43 -340.318 1949.08
-52.7712 -341.374 1845.79
-273.001 -791.099 2048.27
-55.7167 -793.222 1938.52
-165.275 828.671 1850.25
-189.705 623.127 1911.2
-352.567 620.869 1929.57
-26.8426 625.385 1892.83
-435.115 612.049 1733.83
-31.7883 389.998 1943.42
-376.879 650.13 1584.37
-19.951 414.767 1854.92
-187.436 392.854 1903.01
-291.068 161.113 1906.77
-79.2667 164.049 1882.88
-289.636 -345.28 1944.3
-47.9117 -339.201 1834.27
-271.356 -795.959 2042.69
-47.6223 -794.803 1925.77
-164.794 824.566 1860.71
-171.768 594.266 1889.61
-338.07 597.221 1908.92
-5.46549 591.31 1870.29
-380.457 435.162 1766.13
-11.9556 471.524 1650.39
-330.176 548.044 1619.42
-44.4537 419.505 1927.25
-176.115 376.114 1885.56
-285.613 159.831 1893.73
-75.3128 156.093 1869.3
-288.185 -343.743 1936.28
-35.4484 -340.881 1815.69
-267.39 -793.041 2044.74
-21.2917 -801.629 1899.08
-177.293 792.77 1887.34
-164.198 582.975 1876.06
-330.687 587.382 1899.19
2.29155 578.568 1852.93
-381.653 433.357 1727.29
34.7568 392.675 1696.38
-279.663 377.873 1331.17
-33.5638 427.31 1899.73
-170.008 363 1876.15
-287.451 145.98 1891.74
-64.1871 140.07 1860.73
-289.175 -331.603 1938.11
-6.16296 -306.011 1697.55
-270.349 -754.556 2051.64
39.2146 -760.287 1775.82
-161.871 767.732 1883.45
-163.569 581.467 1858.93
-329.315 584.247 1884.57
2.17761 578.688 1833.3
-370.992 411.929 1737.73
60.1043 305.106 1743.78
-292.756 182.233 1565.12
62.2453 86.9174 1471.74
-167.458 361.84 1857.6
-280.183 144.037 1873.09
-62.513 140.387 1839.43
-284.969 -334.965 1922.39
1.93296 -326.61 1725.12
-266.614 -768.607 2040.4
72.3861 -777.488 1666.26
-71.2921 751.439 1842.16
-159.708 580.429 1850.89
-326.485 578.783 1876.99
7.07004 582.075 1824.78
-348.016 295.164 1697.86
62.8512 321.82 1736.95
-286.493 69.8616 1468.67
70.0657 42.5995 1537.91
-158.52 351.343 1844.03
-268.505 121.159 1854.58
-46.1588 123.353 1819.78
-282.211 -339.777 1912.12
3.60747 -332.913 1720.23
-263.325 -760.567 2031.21
69.4473 -759.968 1696.72
-155.359 644.606 1709.52
-150.078 549.231 1818.12
-318.58 549.151 1834.98
18.4242 549.311 1801.26
-346.999 276.683 1699.68
66.7129 304.827 1749.52
-291.553 -7.18576 1522.47
80.1789 -3.26728 1578.11
-149.546 328.638 1822.39
-257.601 107.994 1837.53
-40.4278 108.097 1815.8
-271.382 -337.77 1900.33
3.08828 -327.093 1722.63
-261.319 -751.188 2029.14
64.6041 -747.195 1732.89
-140.16 605.186 1696.76
-109.97 418.231 1719.32
-286.225 421.716 1728.79
66.2845 414.746 1709.84
-333.588 183.52 1693.77
98.0197 215.333 1731.72
-304.147 -42.9964 1607.62
114.575 -117.895 1635.98
-112.582 221.327 1743.15
-215.337 26.403 1772.38
-15.0524 22.4427 1761.61
-251.448 -357.408 1864.01
59.2643 -384.73 1651.3
-249.602 -703.81 2000.93
72.3145 -761.929 1739.13
-137.293 587.682 1690.87
-111.588 411.206 1715.68
-287.628 413.441 1724.66
64.4527 408.97 1706.7
-334.082 179.619 1698.9
111.641 198.351 1732.19
-311.303 -57.7802 1641.4
128.867 -120.951 1628.89
-112.698 215.106 1742.74
-215.542 20.2991 1774.99
-12.0759 17.715 1764.61
-241.734 -372.954 1853.84
59.4315 -377.456 1644.95
-250.682 -713.041 2004.23
72.3926 -764.652 1726.36
-132.072 581.311 1691.47
-114.464 400.198 1708.76
-286.173 401.132 1719.63
57.2454 399.265 1697.88
-319.294 172.534 1729.25
117.8 201.181 1737.74
-322.8 -52.468 1662.53
151.695 -104.328 1609.58
-113.644 207.172 1738.27
-214.701 14.7004 1774.23
-10.9483 13.5928 1761.33
-233.938 -381.773 1850.48
59.8567 -369.329 1628.39
-239.069 -726.554 2004.11
72.4166 -765.588 1709.24
-61.0908 588.472 1579.81
-70.0777 403.06 1648.19
-253.511 403.676 1660.63
113.356 402.445 1635.75
-310.583 164.564 1713.8
177.218 157.068 1691.68
-319.359 -63.3107 1688.35
178.195 -87.5909 1570.46
-69.1586 206.51 1671.46
-153.297 10.2456 1700.51
16.818 9.67486 1688.97
-202.866 -387.811 1757.71
58.765 -366.32 1601.6
-233.736 -745.685 1978.79
71.0786 -760.525 1699.41
-53.4129 586.09 1575.25
-70.5784 409.046 1629.73
-241.69 404.619 1649.29
100.533 413.473 1610.16
-293.013 183.882 1715.69
166.412 193.596 1668.13
-313.721 -45.1672 1704.68
196.088 -63.3464 1527.17
-63.3241 214.721 1649.19
-151.072 17.9376 1679.53
38.9321 22.8537 1657.8
-190.944 -391.038 1733.36
63.313 -363.172 1607.72
-170.835 -746.005 1880.38
80.8483 -756.089 1713.16
-33.2898 597.893 1472.28
2.47149 459.802 1527.27
-162.826 470.158 1504.15
167.769 449.446 1550.39
-278.698 481.623 1678.73
214.905 196.514 1613.38
-220.639 222.857 1602.25
234.385 -116.366 1468.44
-17.41 247.983 1574.54
-128.629 41.8866 1609.02
54.0463 30.4418 1634.58
-161.96 -364.664 1566.02
86.4522 -376.532 1588.85
-174.208 -768.286 1711.03
86.9169 -768.821 1729.25
-18.0641 605.774 1446.68
0.119517 472.565 1524.13
-169.961 479.365 1503.39
170.2 465.765 1544.88
-282.307 487.38 1687.29
228.817 207.149 1594.28
-225.87 214.256 1582.02
255.732 -122.235 1423.76
-11.9805 258.074 1553.03
-120.335 47.4313 1570.18
72.1739 39.7347 1593.66
-160.313 -364.978 1562.77
98.0811 -378.51 1566.4
-160.159 -749.201 1722.71
89.7109 -763.532 1723.81
-17.5533 608.382 1439.04
-1.61322 474.684 1511.62
-171.273 479.505 1498.01
168.047 469.864 1525.23
-280.566 480.28 1679.6
227.529 204.166 1567.34
-320.627 135.328 1655.67
264.565 -114.249 1389.63
-9.58621 261.809 1535.61
-117.854 51.7841 1551.56
82.7358 46.0848 1567.65
-145.852 -364.803 1532.15
104.011 -377.318 1548.76
-143.351 -730.187 1692.15
101.063 -741.061 1680.83
-15.9385 643.3 1431.2
-19.2934 603.736 1475.95
-188.977 606.61 1484.92
150.39 600.862 1466.98
-221.279 399.114 1591.46
215.378 333.62 1509.74
-288.808 26.0074 1604.67
251.699 33.0037 1309.87
-23.0943 378.04 1476.36
-131.101 154.109 1482.28
77.3108 150.58 1471.26
-146.588 -356.086 1442.23
109.993 -352.466 1505.63
-77.4119 -827.42 1531.26
82.4251 -793.181 1581.27
-13.071 648.409 1423.19
-4.40655 570.498 1457.87
-169.836 576.906 1464.87
161.023 564.091 1450.86
-233.222 388.393 1578.72
222.182 315.848 1458.61
-281.205 2.86943 1563.18
245.854 33.6938 1263.27
-12.7245 348.074 1464.88
-128.601 129.815 1476.46
86.5158 121.483 1467.34
-130.379 -336.142 1419.41
113.744 -342.803 1492.34
-80.6746 -816.347 1532.08
88.2405 -783.85 1579.33
-12.6656 647.519 1409.38
-3.72569 486.457 1408.28
-160.697 489.823 1387.74
153.246 483.091 1428.82
-236.212 293.23 1524.77
218.187 247.289 1422.96
-269.651 -14.8052 1456.52
214.989 -10.4364 1179.42
-8.68614 282.883 1412.83
-117.006 81.5252 1403.85
89.7126 77.0923 1430.9
-121.122 -324.896 1320.33
111.525 -357.813 1452
-90.2256 -786.63 1547.07
90.3396 -791.994 1567.36
-11.3906 647.981 1392.58
-2.64773 479.94 1397.9
-158.8 483.656 1387.32
153.504 476.224 1408.47
-238.641 290.944 1522.14
212.544 245.143 1372.81
-266.181 -16.0217 1412.15
200.375 -4.34675 1139.71
-7.77455 277.107 1402.33
-112.329 76.6403 1400.03
86.5259 71.9083 1413.5
-113.813 -331.052 1318.72
111.104 -345.877 1448.06
-97.3688 -776.866 1548.98
92.3811 -781.648 1566.57
-10.6906 649.069 1376.54
-6.76912 481.631 1355.24
-154.095 484.439 1355.62
140.556 478.823 1354.86
-253.335 334.85 1501.82
207.107 246.405 1323.57
-205.13 58.6565 1376.7
182.452 2.47985 1106.15
-10.6137 277.584 1372.52
-107.857 75.3172 1390.04
78.9405 71.757 1389.56
-119.475 -330.778 1295.8
110.049 -345.964 1434.54
-102.271 -764.085 1552.79
94.0101 -776.391 1565.97
-4.4252 644.278 1364.42
5.11799 458.467 1320.46
-146.193 463.185 1335.31
156.429 453.75 1305.61
-251.054 274.86 1412.75
195.029 211.076 1202.32
-265.571 -39.8006 1270.1
141.383 -8.33674 1029.97
0.33397 260.351 1334.65
-92.4428 64.9781 1357.47
83.5427 59.4916 1340.2
-128.849 -336.727 1121.57
102.806 -360.004 1403.08
-99.1208 -752.038 1543.69
96.1299 -765.089 1562.56
-2.30421 642.406 1345.02
4.38069 451.718 1300.25
-147.892 456.318 1321.97
156.653 447.118 1278.53
-266.129 279.3 1400.32
192.81 214.569 1193.92
-268.428 12.4267 1247.61
123.349 0.520225 1003.42
0.104336 253.438 1312.27
-88.8716 57.7164 1336.36
80.5276 52.599 1312.2
-125.984 -334.533 1113.04
106.286 -359.52 1390.25
-103.276 -739.096 1537.33
98.5552 -758.321 1561.99
-5.06575 639.244 1313.26
-30.4237 423.112 1166.27
-176.443 429.772 1199.7
115.595 416.452 1132.85
-270.116 274.387 1346.04
169.532 186.978 1148.12
-270.196 -41.8966 1118.62
91.7041 -16.4695 955.736
-33.1041 230.356 1192.97
-116.83 41.2968 1238.22
45.2609 33.904 1201.11
-136.174 -342.363 1350.94
100.458 -368.011 1279.61
-111.427 -707.03 1471.73
103.613 -775.282 1543.65
-7.80343 635.923 1285.22
-30.6194 422.615 1159.74
-172.805 429.975 1195.05
111.566 415.255 1124.43
-279.777 281.5 1303.45
157.188 176.486 1111.06
-287.582 -109.297 1059.76
81.6237 -16.1581 930.029
-33.8892 228.541 1187.03
-117.137 38.6072 1234.18
42.8194 30.327 1194.46
-137.21 -346.406 1344.09
100.252 -367.79 1269.72
-117.39 -724.185 1418.16
105.434 -763.292 1522.12
-10.1829 626.544 1259.45
-53.4369 368.493 1052.92
-200.678 378.051 1075.35
93.8041 358.935 1030.49
-267.896 166.362 1095.2
136.629 173.719 1072.5
-271.442 -107.696 970.155
72.4948 -3.71962 899.198
-62.7151 192.89 1066.85
-146.378 22.1148 1092.1
2.39181 12.4575 1069.44
-141.786 -368.879 1327.66
57.5258 -358.088 1070.73
-125.475 -711.057 1402.14
103.123 -745.251 1466.46
-14.4242 620.226 1229.73
-56.4055 367.983 1045.25
-200.587 376.487 1066.25
87.7762 359.48 1024.26
-266.571 164.454 1088.37
126.794 168.557 1044.71
-279.244 -77.6484 936.447
65.9035 -6.62631 879.133
-64.7503 190.327 1059.9
-147.932 17.0841 1085.45
1.74188 8.25663 1063.65
-172.578 -364.409 1075.9
51.1116 -377.088 1054.38
-132.796 -707.246 1373.39
101.411 -740.044 1428.45
-22.7412 614.363 1194.68
-69.5381 365.538 1009.94
-207.052 372.261 1034.38
67.9754 358.816 985.488
-275.936 159.551 1045.01
116.92 164.239 1010.31
-281.381 -60.8307 893.144
62.7463 -10.7839 849.405
-74.6681 185.12 1030.69
-154.608 8.35832 1064.74
-4.98844 1.04433 1038.14
-177.39 -373.482 1052.34
40.873 -384.976 1049.07
-141.458 -706.83 1337.29
95.4702 -736.075 1398.53
-30.9671 612.272 1152.16
-97.0735 413.069 889.239
-230.526 416.986 915.132
36.3792 409.152 863.346
-287.448 208.843 978.425
94.6551 182.403 882.369
-282.962 -16.1001 810.168
21.7041 -45.311 795.35
-90.5815 221.168 951.728
-162.217 31.5592 1029.37
-5.96236 26.9732 999.058
-180.363 -356.015 1028.34
5.55517 -369.036 938.443
-146.919 -710.234 1312.11
60.0132 -639.18 1207.83
-39.2929 610.789 1115.6
-98.28 416.133 889.195
-230.783 420.863 915.192
34.223 411.403 863.197
-288.073 214.951 976.422
89.9911 184.008 875.876
-283.656 3.45309 772.132
-87.4575 -101.134 776.897
-94.5683 228.87 942.185
-170.993 44.4681 1010.9
-10.7202 38.7465 979.453
-183.245 -349.826 1017.52
3.56925 -360.56 948.151
-151.014 -708.314 1287.88
55.5789 -653.923 1192.58
-46.5056 609.071 1082.62
-99.4862 416.843 885.388
-232.249 422.623 910.59
33.2765 411.063 860.187
-290.726 216.291 944.987
84.9956 194.695 864.164
-278.533 22.4937 727.353
40.1652 13.6894 722.594
-98.9659 232.179 930.482
-178.582 51.005 990.787
-18.3097 44.0274 960.363
-188.743 -349.64 987.607
4.41249 -356.071 954.441
-157.4 -651.8 1224.73
50.8515 -671.818 1170.45
-58.297 605.905 1041.15
-103.365 416.177 873.965
-228.336 424.605 922.512
21.6068 407.749 825.419
-272.051 234.031 941.991
46.2924 177.443 733.887
-292.529 -11.7577 930.991
10.1832 30.7583 559.416
-114.798 223.873 877.918
-209.663 37.1966 914.28
-42.7994 25.9435 849.461
-214.245 -363.358 927.144
18.8255 -349.709 974.83
-183.808 -669.459 1159.28
68.5203 -668.688 1185.29
-68.9886 602.84 1003.61
-108.589 414.344 860.502
-233.109 423.614 907.156
15.9305 405.074 813.849
-273.935 239.214 922.142
43.7109 182.398 731.034
-300.285 -11.3227 907.863
6.27115 37.1423 561.801
-121.556 222.305 864.052
-215.059 36.2611 897.776
-53.9859 24.27 837.428
-212.861 -360.277 929.638
3.55949 -354.118 956.346
-174.46 -730.761 1192.92
52.9946 -676.503 1161.62
-82.462 593.954 964.517
-135.493 333.224 778.104
-287.904 351.465 800.76
16.9187 314.983 755.448
-305.869 176.739 645.926
10.6036 102.676 576.684
-230.19 -110.714 611.175
-93.6843 -82.343 451.711
-147.342 192.463 811.724
-262.656 64.085 860.725
-55.7252 39.3191 829.964
-236.782 -335.328 882.638
-66.1949 -356.003 764.46
-200.963 -663.456 1081.65
14.0059 -630.343 1023.04
-98.0889 587.862 928.749
-143.344 335.272 756.668
-269.758 368.343 833.468
-16.9299 302.202 679.868
-284.511 198.281 676.737
-22.6947 86.8856 537.034
-239.377 129.804 594.369
-204.149 -166.49 471.378
-169.009 180.155 781.218
-296.161 51.5869 867.424
-93.1872 -1.51216 744.112
-274.768 -348.507 879.558
-46.6606 -388.983 752.997
-234.311 -691.765 1050.13
63.9721 -708.051 1147.51
-98.829 561.157 865.746
-156.948 251.626 504.15
-282.054 298.926 502.128
-31.842 204.325 506.172
-291.026 85.2042 495.902
-132.719 51.2062 594.017
-227.431 -75.2924 449.151
-178.251 -175.563 584.566
-166.93 234.039 710.34
-250.818 244.394 915.336
-103.006 188.509 917.726
-196.037 -152.691 913.739
-104.318 -184.784 771.676
-176.96 -518.949 1032.27
-47.6142 -456.196 1039.4
-103.694 543.051 807.838
-156.162 260.759 507.593
-274.001 295.861 509.642
-38.3231 225.657 505.543
-292.783 90.0532 516.396
-138.382 45.5937 578.935
-224.962 -114.176 469.69
-180.14 -183.179 589.652
-160.368 236.577 679.914
-213.538 226.981 853.087
-115.609 197.809 851.384
-197.624 -168.501 789.673
-96.1273 -163.685 679.272
-181.251 -487.392 1005.54
-55.8878 -456.35 926.831
-105.24 534.222 769.543
-156.121 269.67 505.888
-268.444 297.205 505.374
-43.7977 242.135 506.401
-345.66 163.455 402.534
-138.31 51.8457 571.065
-190.987 -105.282 495.921
-188.075 -197.232 555.386
-164.372 239.166 675
-218.324 219.864 843.903
-126.921 197.458 844.321
-194.728 -226.432 610.565
-99.7582 -167.484 680.736
-188.21 -635.819 1032.73
-65.0657 -481.913 900.937
-87.9292 527.886 728.707
-140.236 275.786 506.806
-242.626 290.121 490.231
-37.8455 261.45 523.381
-185.27 90.6968 408.989
-187.659 255.777 451.704
-202.268 -135.957 466.593
-217.587 14.322 233.498
-169.666 249.658 666.01
-244.179 229.841 817.917
-154.012 217.217 832.513
-283.346 113.27 253.57
-76.1158 -237.77 662.558
-235.079 -572.273 974.121
-79.2664 -621.933 894.639
-75.7005 526.617 704.652
-129.507 284.253 508.173
-219.895 301.23 484.503
-39.1179 267.276 531.844
-180.631 97.7525 419.634
-194.487 246.972 442.51
-209.402 -150.841 409.44
-225.743 6.14134 224.555
-174.142 251.697 655.27
-254.069 225.77 793.125
-183.485 212.513 811.609
-263.509 108.19 410.025
-114.223 -161.885 686.273
-243.121 -170.341 675.661
-122.467 -499.776 871.529
-63.2122 532.352 680.678
-130.242 302.459 506.236
-204.104 319.463 480.719
-56.3801 285.456 531.754
-180.063 112.266 423.391
-264.76 207.408 393.264
-209.721 -89.94 384.988
-291.047 12.0673 220.509
-184.19 259.148 633.531
-271.619 223.545 749.259
-204.656 208.13 772.393
-192.295 -68.2588 486.127
-103.241 -179.094 685.863
-206.003 -384.005 706.749
-148.028 -540.956 855.785
-98.654 524.014 655.649
-156.71 298.598 504.388
-207.004 348.526 556.403
-106.416 248.67 452.372
-382.765 172.549 473.74
-230.551 182.598 358.777
-135.827 99.2637 522.158
-277.017 -154.779 347.021
-227.529 152.058 576.571
-403.657 110.06 757.667
-193.041 -99.0236 539.841
-303.297 -273.931 701.458
-93.7748 -478.04 455.145
-456.55 -506.811 967.613
-136.687 -824.752 617.954
