73.1131 627.374 2509.52
-14.2753 434.507 2408.34
-97.6671 446.631 2389.2
69.1165 422.384 2427.48
-69.998 273.042 2251.35
18.1213 176.239 2240.18
-89.6328 354.266 1863.44
-36.8656 207.019 1983.71
-48.2243 254.777 2442.4
-181.496 89.4853 2453.67
17.1499 60.6058 2499.27
-180.62 -345.843 2496
29.0424 -398.425 2491.79
-137.458 -756.612 2535.01
17.1746 -819.986 2479.75
72.7038 622.747 2523.91
-31.6448 472.303 2360.29
-131.843 474.285 2324.22
68.5537 470.321 2396.36
-220.512 393.92 2517.67
6.4024 228.671 2210.84
-150.289 241.91 2207.01
-54.7067 259.967 1881.04
-56.6316 273.697 2418.78
-177.328 76.9848 2442.81
14.0908 73.1975 2511.73
-177.802 -362.447 2481.19
26.8684 -384.12 2509.36
-137.829 -783.79 2526.12
13.5573 -807.753 2497.11
69.6971 618.171 2529.16
-28.6312 466.617 2369.16
-128.431 469.756 2331.55
71.1685 463.479 2406.77
-225.03 394.881 2522.71
14.5288 255.95 2233.1
-105.689 227.906 2214.51
-49.739 265.93 1854.18
-54.9946 271.612 2422.85
-175.826 79.5773 2440.94
13.1096 73.6355 2512.13
-177.289 -362.232 2480.06
27.9121 -384.652 2513.84
-140.67 -790.76 2524.36
16.7962 -809.767 2514.65
-161.997 471.184 2513.42
-69.7445 317.754 2484.34
-212.729 288.724 2511.45
73.2396 346.785 2457.23
-29.8246 196.604 2282.85
-5.38903 245.025 2263.15
-152.054 321.854 2209.76
-62.08 273.942 1867.46
-37.5301 150.967 2475.65
-106.529 -36.3696 2486.14
95.8974 4.72959 2447.76
-270.157 -266.381 2553.7
111.58 -455.732 2447.89
-230.45 -717.551 2593.29
102.898 -881.634 2453.39
-189.427 498.46 2517.33
-76.8342 304.588 2471.97
-219.753 283.354 2497.13
66.0844 325.822 2446.81
-32.9044 199.242 2271.59
-2.96224 239.152 2265.39
-141.929 330.627 2182.78
-65.4622 265.696 1911.29
-56.8631 163.031 2465.95
-118.243 9.38682 2474.24
44.4589 33.5606 2445.6
-217.141 -305.175 2551.9
60.8773 -426.226 2448.27
-182.325 -744.691 2595.75
52.2478 -853.739 2449.2
-199.881 491.715 2528.64
-82.6418 314.305 2449.01
-212.418 302.238 2473.53
47.1342 326.372 2424.5
-38.2123 201.265 2266.07
-5.49681 202.008 2243.7
-130.859 343.588 2163.91
-57.7787 266.051 1994.83
-67.6211 166.55 2455.8
-145.512 10.1556 2480.14
40.3111 27.4339 2445.04
-215.012 -304.036 2551.99
59.4333 -432.271 2446.69
-179.206 -734.999 2597.76
50.355 -868.44 2448.2
24.3446 564.343 2445.95
-35.6886 365.226 2399.83
-120.576 371.584 2397.33
49.1983 358.867 2402.33
-55.4363 200.306 2309.15
-11.1576 220.847 2216.73
-108.433 322.013 2165.01
-45.4076 334.799 1996.31
-49.0626 201.239 2436.91
-153.902 44.1045 2471.29
29.0289 30.4017 2476.67
-207.653 -312.248 2521.3
47.6245 -429.961 2480.1
-169.716 -740.031 2567.54
37.7944 -864.907 2478.53
51.3956 571.875 2491.77
-31.0379 370.993 2397.6
-113.738 382.62 2397.97
51.6621 359.367 2397.22
-60.2311 182.058 2300.19
-9.39566 239.262 2218.29
-109.985 332.006 2153.24
-67.5479 305.729 1891.51
-52.7842 214.979 2438.89
-167.321 72.0096 2480.6
18.2598 45.9187 2479.76
-196.325 -325.637 2518.12
38.0274 -416.173 2481.86
-161.37 -749.123 2576.79
27.4261 -851.502 2482.77
13.0475 665.004 2499.93
-98.6814 483.865 2423.36
-243.818 484.994 2468.94
46.4557 482.735 2377.78
-77.7003 271.75 2279.58
155.165 595.509 2559.86
-220.507 309.294 2092.5
41.4522 323.128 2428.01
-90.3687 272.946 2455.06
-185.628 62.8341 2519.28
21.5159 61.2215 2454.23
-196.214 -334.623 2551.83
35.4423 -404.477 2453.59
-151.085 -808.561 2619.31
25.0467 -842.848 2452.86
63.7428 628.862 2517.06
-89.7245 478.73 2425.84
-230.515 480.094 2456.46
51.066 477.367 2395.22
-78.1663 276.04 2270.98
97.5895 494.779 2458.88
-296.058 703.425 2553.06
-11.2678 355.316 2258.1
-85.2242 271.09 2455.78
-184.663 64.4572 2508.33
23.2155 62.4437 2463.12
-198.293 -340.797 2543.57
37.2762 -403.323 2465.66
-153.896 -800.012 2610.54
26.699 -838.045 2462.41
67.0152 625.442 2507.31
-89.6329 503.856 2430.15
-234.516 502.209 2454.26
55.2506 505.503 2406.04
-81.3885 281.26 2274.57
30.1922 225.352 2298.23
-169.154 711.004 2366.35
-81.5825 227.372 2071.45
-83.4308 295.195 2453.17
-171.368 85.4642 2491.85
16.9107 87.6044 2460.51
-192.162 -369.139 2547.78
30.7714 -377.566 2463.42
-163.469 -802.23 2628.14
19.2565 -810.338 2457.24
-24.5487 584.441 2212.34
-16.8494 394.677 2380.06
-149.004 415.698 2351.65
115.305 373.657 2408.48
-153.423 171.566 2322.43
40.9835 323.395 2214.79
-101.277 407.941 2097.47
-6.22884 469.78 2121.73
-49.7305 255.691 2430.17
-176.68 131.667 2460.04
11.4572 101.742 2500.5
-188.306 -348.857 2507.2
29.5699 -393.199 2504.25
-154.513 -773.895 2545.02
17.9822 -824.679 2498.61
-20.8257 689.525 2461.27
-22.6214 413.023 2378.22
-150.948 430.573 2353.01
105.705 395.473 2403.44
-179.024 204.042 2312.94
23.4938 326.728 2190.49
-150.6 330.293 2077.75
-6.44524 478.538 2113.88
-52.5671 267.282 2429.19
-179.829 134.85 2461.04
14.804 108.232 2499.28
-186.154 -347.434 2503.34
29.1025 -373.831 2502.03
-151.367 -778.488 2530.34
15.7288 -800.546 2499.35
-68.9514 759.725 2374.7
-21.31 481.936 2424.35
-165.038 510.577 2435.38
122.418 453.295 2413.31
-198.454 276.17 2335.73
19.9929 383.418 2195.69
-154.54 330.25 2091.55
-27.275 472.638 2101.66
-54.0458 306.265 2453.93
-188.251 150.813 2491.3
14.6879 110.373 2475.73
-187.646 -329.414 2527.8
31.2544 -364.703 2473.87
-148.432 -772.86 2550.99
13.3356 -792.333 2470.23
-68.5432 760.625 2374.49
-22.1747 505.617 2435.74
-167.936 533.438 2459.55
123.587 477.796 2411.93
-200.532 297.755 2342.25
16.6391 419.373 2191.77
-56.4283 361.659 2134.87
-41.6019 548.722 2084.88
-53.8431 318.071 2461.01
-186.426 149.785 2502.76
15.4033 111.263 2469.79
-187.44 -332.794 2534.75
31.3772 -361.679 2466.69
-152.072 -775.846 2573.45
11.5759 -783.493 2461.15
-66.2539 759.181 2380.81
-76.5261 491.709 2461.12
-230.517 498.019 2494.76
77.4646 485.4 2427.47
-184.813 285.435 2325.51
-13.4522 400.855 2211.1
-28.8322 346.891 2124.39
-74.9276 597.777 2120.38
-80.8361 310.35 2475.4
-185.085 133.085 2511.52
14.7929 124.895 2467.85
-188.342 -348.881 2544.26
32.195 -346.062 2460.6
-174.688 -808.555 2625.74
12.3605 -765.02 2452.3
-64.7259 757.63 2388.41
-84.7661 544.321 2450.69
-225.207 547.556 2482.85
55.675 541.086 2418.53
-178.2 326.109 2309.31
-29.3711 400.636 2218.61
-16.25 418.368 2117.99
-50.5764 683.328 2199.4
-84.8743 334.875 2471.28
-183.26 127.693 2514.38
13.2948 123.165 2469.37
-187.496 -359.095 2549.02
32.7221 -343.529 2460.37
-167.856 -805.411 2618.4
13.8557 -761.387 2452.73
-47.8115 781.795 2432.18
-79.6505 619.502 2500.39
-232.888 620.272 2511.8
73.5865 618.731 2488.99
-203.937 427.71 2315.49
110.546 435.4 2330.7
-9.12064 527.572 2130.38
-80.8629 568.905 2140.7
-81.3077 377.503 2494.47
-184.024 136.012 2496.06
18.0944 134.996 2481.02
-188.508 -349.237 2536.14
35.5245 -353.314 2476.09
-165.72 -787.477 2592.97
27.0839 -769.579 2481.62
-39.5989 790.955 2441.1
-79.4383 626.942 2503.3
-229.237 627.873 2516.52
70.36 626.01 2490.07
-220.798 460.499 2328.22
90.8246 452.68 2311.76
-105.588 624.771 2131.29
-82.6545 569.394 2160.78
-81.6194 378.22 2496.11
-183.399 130.117 2497.71
15.7982 128.879 2480.12
-187.183 -350.179 2539.85
35.6476 -350.595 2472.67
-160.971 -786.315 2589.02
31.7331 -769.312 2485.87
-39.9757 793.179 2440.35
-77.8185 611.159 2498.38
-225.447 612.546 2518.61
69.8104 609.772 2478.15
-234.928 474.013 2318.53
75.7783 502.198 2286.47
-116.558 646.601 2128.2
-76.7566 749.648 2174.15
-80.8839 371.458 2492.45
-183.588 132.692 2500.16
15.689 130.82 2472.86
-186.889 -348.597 2546.13
36.3777 -358.807 2469.88
-162.793 -781.869 2597.02
32.5659 -781.937 2489.38
-38.4703 793.04 2432.01
-80.2842 594.012 2478.45
-224.321 595.793 2499.98
63.7527 592.231 2456.91
-243.634 582.702 2285.97
106.984 668.843 2277.06
-105.113 751.74 2131.17
-108.862 823.786 2165.72
-83.0385 360.322 2479.35
-185.409 127.864 2495.15
13.8231 125.4 2465.37
-187.928 -351.092 2540.12
35.2209 -355.114 2474.43
-164.407 -785.701 2598.97
15.7764 -790.932 2453.92
-44.4547 780.894 2418.51
-80.3389 593.888 2479.96
-223.435 594.768 2506.3
62.7576 593.009 2453.62
-246.561 583.438 2284.05
95.4109 689.839 2263.58
-119.244 772.274 2152.81
-130.604 868.518 2161.89
-82.0871 356.768 2478.38
-185.815 120.274 2495.56
18.1448 119.021 2458.02
-188.437 -358.022 2539.03
35.2074 -347.78 2474.16
-165.542 -797.591 2603.64
5.65156 -785.517 2441.57
-44.6644 783.727 2402.38
-80.0482 595.723 2482.69
-222.275 596.122 2510.57
62.1785 595.323 2454.81
-261.375 604.447 2288.78
89.8122 698.741 2262.81
-136.647 818.048 2167.87
-84.0496 923.116 2233.2
-81.2496 357.546 2479.97
-185.443 119.659 2497.44
20.5412 119.08 2457.07
-188.258 -358.386 2540.42
34.261 -348.399 2473.07
-165.104 -798.03 2607.55
4.31584 -770.048 2456.53
-42.5374 793.311 2409.37
-74.2703 631.136 2484.67
-220.914 633.118 2520.91
72.3734 629.154 2448.43
-269.458 614.53 2286.01
66.925 756.544 2262.44
-135.8 905.219 2199.12
-67.1669 1012.95 2304.07
-77.9466 377.43 2483.67
-182.16 125.084 2507.52
18.9147 122.366 2457.83
-186.038 -357.378 2546.42
33.2943 -348.884 2466.81
-162.05 -798.445 2615.13
10.0257 -773.88 2457.31
-83.0259 869.389 2530.52
-75.9433 637.945 2488.18
-222.248 639.056 2524.37
70.3611 636.835 2451.98
-282.178 636.963 2300.83
62.3795 787.196 2266.79
-143.208 909.931 2221.15
-42.6487 1023.89 2329.29
-78.4259 381.014 2486.02
-180.715 124.841 2508.57
18.8979 123.325 2459.18
-185.592 -357.988 2547.77
32.8522 -348.968 2464.88
-162.541 -800.224 2631.09
13.8103 -773.958 2457.17
-69.4536 854.671 2509.47
-72.2678 654.707 2496.85
-219.48 655.843 2526.32
74.9442 653.572 2467.37
-287.516 692.133 2317.44
88.188 812.401 2279.36
-162.993 944.839 2263.47
-76.2686 1028.14 2350.77
-75.7433 392.905 2489.57
-182.116 131.896 2502.9
23.6777 130.309 2461.69
-186.179 -352.72 2539.75
36.3569 -345.596 2466.98
-163.745 -796.435 2626.77
19.5414 -773.926 2463.72
-59.9377 863.922 2484.11
-72.883 662.809 2499.37
-220.984 663.181 2527.37
75.2184 662.437 2471.36
-291.029 720.589 2332.51
97.0384 822.282 2288.77
-123.247 940.091 2229.02
-42.4352 1020.42 2385.28
-75.4801 403.01 2489.08
-182.148 143.473 2498.48
25.9937 142.95 2459.12
-185.543 -340.202 2530.08
36.4388 -340.842 2468.18
-161.983 -783.594 2603.93
21.6816 -775.896 2466.57
-63.4052 861.97 2470.13
-75.6994 663.042 2498.89
-224.064 662.474 2524.49
72.665 663.609 2473.29
-283.911 756.998 2324.1
96.9919 845.203 2310.57
-183.56 975.467 2295.08
-37.9405 1030.73 2401.94
-76.3532 404.704 2489.38
-181.899 145.964 2497.96
27.8848 146.766 2461.76
-185.593 -338.832 2524.79
35.9729 -342.994 2470.84
-157.464 -772.096 2587.76
21.0938 -773.105 2468.03
-75.0015 866.782 2485.12
-81.0518 664.018 2492.84
-230.934 662.174 2514.02
68.83 665.861 2471.65
-281.784 817.28 2329.61
104.693 854.008 2321.08
-92.8496 1070.63 2302.01
-60.9305 992.884 2256.29
-78.8331 406.98 2486.16
-183.332 148.63 2494.57
30.1034 151.256 2464.4
-186.069 -335.147 2524.54
35.8735 -342.825 2468.87
-159.545 -774.722 2600.12
21.2813 -779.958 2470.85
-72.0071 863.917 2490.1
-80.233 666.582 2494.58
-229.631 664.85 2514.16
69.1645 668.315 2475.01
-295.762 840.519 2347.46
113.874 865.386 2335.36
-198.545 1009.22 2348.65
-66.5005 989.227 2265.56
-78.2875 411.014 2486.81
-183.027 154.209 2493.02
30.3432 156.684 2465.06
-185.25 -334.443 2526.66
36.3968 -337.765 2465.09
-159.493 -773.281 2608.47
26.3614 -778.021 2472.97
-65.575 865.788 2511.86
-79.1441 668.877 2497.84
-228.326 667.603 2516.48
70.0382 670.151 2479.2
-293.44 847.176 2346.12
111.34 878.347 2346.97
-189.961 1024.81 2353.85
-68.7082 987.268 2275.84
-78.1593 413.589 2488.27
-183.764 157.39 2492.02
29.4156 159.211 2465.39
-184.996 -334.351 2528.98
35.3465 -340.378 2465.19
-160.873 -773.636 2616.08
27.9048 -778.538 2476.23
-69.5804 871.234 2516.08
-81.2919 694.954 2503.87
-233.913 692.742 2520.78
71.3289 697.165 2486.96
-288.83 854.047 2346.81
106.96 875.937 2340.92
-194.363 1021.08 2373.08
-37.1711 1024.79 2483.76
-78.5378 438.771 2495.22
-180.982 181.064 2498.24
29.4151 184.113 2474.92
-191.488 -317.719 2526.36
34.972 -327.018 2469.14
-162.152 -786.777 2614.91
35.1507 -763.929 2495.63
-67.8512 875.721 2522.95
-78.8046 706.927 2505.43
-229.484 705.809 2522.62
71.8751 708.044 2488.24
-265.26 848.49 2344.17
102.972 871.983 2339.05
-193.517 1023.03 2373.51
-162.14 1034.59 2404.8
-77.7877 449.802 2497.62
-182.695 191.893 2501.9
29.1534 193.464 2477.73
-188.453 -334.169 2523.57
34.3232 -321.334 2471.49
-162.278 -789.681 2616.69
32.0394 -761.977 2493.58
-53.3958 850.44 2539.98
-82.2475 698.548 2489.57
-229.741 696.03 2511.15
65.2459 701.065 2468
-247.634 871.278 2320.08
99.1049 882.783 2348.96
-184.888 992.051 2378.79
-62.3883 1077.97 2520.98
-78.0291 435.2 2487.69
-176.051 170.108 2500.76
28.4293 173.598 2470.84
-186.452 -326.225 2531.03
34.8606 -342.585 2468.68
-158.842 -810.236 2645.48
31.6179 -780.738 2486.72
-56.9983 860.973 2536.45
-80.5789 693.42 2493.51
-229.015 691.587 2513.45
67.8575 695.253 2473.58
-242.878 862.712 2317.25
98.5752 874.778 2347.59
-186.748 1003.73 2377.04
-158.096 1048.38 2390.84
-78.0257 432.477 2488.53
-179.439 170.25 2497.5
28.4935 172.818 2469.58
-183.539 -334.513 2530.87
34.658 -343.793 2469.82
-155.501 -802.454 2643.4
31.136 -781.28 2487.13
-57.2746 864.531 2533.29
-80.5779 688.983 2494.32
-229.865 687.15 2513.69
68.7097 690.817 2474.94
-250.247 822.481 2331.6
97.5803 873.789 2350.93
-185.239 998.154 2360.79
-68.9812 1054.59 2498.33
-78.1835 430.641 2488.32
-180.185 171.016 2495.87
28.6073 173.58 2468.77
-182.751 -336.759 2528.75
35.4665 -343.354 2470
-157.685 -795.675 2634.75
32.8802 -785.01 2493.89
-59.7433 865.32 2529.76
-81.9599 679.977 2494.02
-230.179 677.647 2514.92
66.2587 682.308 2473.11
-251.436 790.834 2350.48
84.9483 864.167 2336.81
-155.019 1010.46 2354.84
8.89358 1008.79 2380.34
-78.933 426.517 2487.22
-180.662 171.408 2495.19
28.8496 174.703 2465.65
-183.479 -341.112 2525.56
36.2786 -334.386 2473.44
-160.353 -802.589 2633.56
33.5561 -773.377 2495.44
-60.225 867.06 2526.84
-80.6806 672.679 2492.59
-231.664 670.839 2513.37
70.303 674.519 2471.82
-248.003 798.287 2342.58
86.3055 858.202 2333.33
-133.283 997.932 2354.13
19.5835 981.597 2356.07
-78.3622 424.199 2487.44
-180.787 174.442 2496.69
28.6996 176.995 2467.86
-182.855 -340.041 2525.96
36.4471 -333.566 2472.87
-160.949 -801.001 2628.91
32.7641 -776.421 2492.76
-61.2455 844.837 2371.61
-79.221 670.838 2477.54
-231.397 669.279 2504.57
72.9553 672.397 2450.51
-231.609 693.72 2280.75
78.2587 834.186 2307.98
-111.806 986.014 2321.42
-20.3582 1000.86 2357
-76.557 421.585 2478.16
-177.424 171.272 2497.18
29.6384 173.393 2460.4
-181.906 -344.757 2529.79
36.7113 -328.985 2464.35
-161 -804.92 2632.72
33.692 -775.417 2487.01
-53.7421 830.798 2387.41
-73.8711 657.546 2478.34
-219.87 657.509 2501.7
72.1275 657.583 2454.99
-228.657 701.318 2281.85
65.5005 789.891 2310.45
-101.369 959.456 2256.14
-44.023 989.192 2351.95
-73.726 413.411 2478.86
-176.43 169.249 2495.83
29.2679 169.301 2462.93
-180.587 -340.589 2530.25
39.1977 -340.572 2465.89
-161.374 -802.531 2634.18
33.9768 -792.5 2479.24
-47.766 847.117 2418.03
-70.727 652.123 2479.82
-214.987 652.823 2502.17
73.5331 651.424 2457.47
-224.265 678.615 2288.89
36.6101 757.81 2286.69
-111.317 913.796 2221
-67.4512 988.458 2319.25
-71.7517 401.927 2481.03
-175.164 152.228 2498.1
29.6109 151.235 2466.38
-175.79 -347.164 2539.48
41.775 -349.551 2466.1
-160.637 -796.72 2636.08
34.8007 -795.856 2482.12
-77.3222 740.605 2499.06
-74.7459 608.262 2473.41
-221.038 607.512 2501.36
71.5464 609.012 2445.45
-188.023 518.526 2282.93
32.3337 536.905 2224.58
-77.667 761.253 2163.43
-79.9261 867.113 2206.14
-72.8836 375.759 2476.92
-172.236 142.738 2499.77
30.1932 143.775 2461.08
-176.869 -334.691 2539.71
41.9302 -357.754 2463.34
-154.702 -798.25 2612.44
35.1081 -795.413 2501.19
-75.3662 769.715 2489.56
-73.7136 601.473 2476.58
-220.281 600.819 2503.06
72.8537 602.128 2450.11
-197.982 432.253 2266.68
44.3937 447.625 2204.94
-89.6776 631.645 2084.19
-56.607 701.87 2105.2
-72.3886 368.946 2478.17
-172.036 135.968 2498
29.9091 136.87 2461.52
-169.73 -368.532 2576.41
51.6668 -380.589 2481.69
-158.365 -805.873 2552.89
16.962 -801.547 2437.31
-64.9097 763.835 2475.23
-69.6926 578.191 2475.19
-218.267 581.702 2485.04
78.8812 574.679 2465.35
-207.383 371.485 2283.84
63.4392 374.092 2254.83
-104.043 519.826 2055.58
-39.839 588.679 2087.27
-74.5901 345.878 2484.14
-180.332 115.949 2499.78
21.3564 111.183 2486.41
-180.336 -344.101 2618.99
52.1423 -357.858 2542.09
-170.779 -798.514 2532.54
9.78835 -789.403 2427.81
-53.9085 761.359 2482.34
-64.1286 566.877 2484.14
-212.849 574.326 2487.33
84.5922 559.428 2480.96
-208.801 336.001 2320.07
77.2088 327.534 2305.01
-112.496 430.525 2062.04
-24.4046 492.137 2087.36
-75.6091 334.726 2491
-188.394 107.648 2500.03
14.2151 97.5005 2495.69
-175.834 -339.322 2608.21
44.244 -359.207 2524.73
-175.758 -790.517 2502.83
10.2529 -764.288 2404.96
-55.5185 750.317 2482.74
-63.6188 551.124 2487.44
-212.429 557.046 2489.4
85.1918 545.202 2485.48
-212.243 300.123 2352.36
82.5688 292.506 2340.82
-124.07 341.979 2078.02
-14.6143 403.116 2089.6
-72.7585 318.896 2495.18
-183.819 90.7251 2504.27
20.023 82.6129 2501.58
-160.88 -343.667 2627.81
54.8703 -367.348 2525.03
-168.869 -802.106 2488.29
23.2326 -756.64 2398.95
-67.2128 737.169 2472.33
-70.0096 536.066 2483.7
-218.938 537.966 2483.09
78.9184 534.166 2484.31
-220.764 268.887 2371.81
78.9565 267.838 2366.59
-141.107 261.621 2091.82
-12.0454 324.819 2095.92
-73.0287 303.975 2497.75
-178.425 73.1898 2511.38
26.3299 70.5773 2512.22
-158.05 -359.775 2627.44
55.5852 -376.667 2530.41
-171.376 -805.062 2482.31
25.2836 -752.357 2400.84
-57.7186 734.339 2466.34
-61.2025 532.161 2481.12
-209.574 533.468 2468.17
87.1693 530.853 2494.07
-212.304 256.504 2378.32
88.5775 255.669 2398.88
-141.059 204.925 2100.74
4.70806 262.13 2120.1
-64.7704 300.309 2498.59
-170.479 69.3583 2507.14
33.8028 67.5578 2524.97
-155.829 -362.048 2623.23
54.1989 -378.622 2529.88
-170.866 -792.642 2464.22
27.1291 -742.797 2401.77
-51.0347 731.499 2457.65
-55.7432 529.049 2476.38
-203.75 530.712 2459.8
92.2635 527.386 2492.96
-206.746 248.658 2387.51
94.2741 246.479 2416.3
-143.498 158.062 2118.1
17.8995 207.045 2138.09
-60.7764 297.584 2498.09
-167.477 67.2617 2508.42
35.8581 64.9766 2531.19
-161.321 -356.149 2646.71
51.6709 -380.569 2525.58
-177.663 -791.872 2466.96
21.7372 -740.973 2394.72
-49.8808 730.986 2444.84
-56.7301 528.889 2468.63
-204.721 531.803 2452.08
91.2612 525.974 2485.17
-207.637 246.473 2394.04
93.4353 241.382 2423.59
-151.793 122.137 2136.73
24.5101 161.328 2152.24
-64.3303 298.09 2495.96
-173.788 69.2976 2511.9
29.9266 65.2861 2534.68
-171.876 -353.616 2651.57
42.0911 -379.922 2522.53
-185.423 -788.274 2465.44
14.5106 -736.848 2392.26
-56.5722 731.728 2439.99
-61.8409 529.522 2465.35
-210.159 531.635 2451.89
86.4771 527.408 2478.8
-212.822 244.202 2405.37
88.5778 240.449 2429.41
-163.706 91.0882 2162.6
26.7924 125.131 2169.26
-67.7687 298.894 2494.47
-175.904 69.7226 2514.33
28.5111 66.8099 2532.87
-168.105 -355.773 2645.18
45.8684 -377.982 2517.39
-181.87 -789.692 2466.62
18.5598 -736.512 2386.78
-49.669 748.03 2436.02
-60.0615 546.256 2463.16
-208.424 552.356 2451.54
88.301 540.156 2474.78
-210.766 263.574 2414.27
90.2122 251.677 2435.2
-167.68 86.1746 2187.41
35.1003 106.192 2189.06
-71.9344 316.07 2493.91
-186.088 90.0883 2516.65
18.4737 81.6775 2532.67
-176.292 -335.099 2648.54
37.8005 -363.108 2521.44
-190.688 -770.097 2463.09
10.3619 -721.541 2388.27
-52.6536 746.235 2431.57
-61.9158 544.532 2460.53
-210.262 549.557 2448.21
86.4301 539.506 2472.86
-212.27 259.91 2418.37
88.1064 250.053 2441.17
-174.537 62.1855 2207.97
39.1216 79.0506 2210.63
-72.4342 314.566 2493.36
-185.223 88.0653 2517.69
19.3177 81.1359 2534.69
-164.346 -335.865 2651.94
47.774 -363.133 2529.97
-180.802 -791.216 2466.09
19.6708 -738.194 2389.9
-57.1126 746.352 2429.62
-64.5548 544.674 2459.72
-212.799 548.014 2445.72
83.6898 541.334 2473.73
-214.492 257.813 2421.84
85.125 251.258 2448.36
-181.475 43.1882 2227.84
41.6933 58.8595 2234.15
-72.9544 314.806 2493.82
-183.596 87.2412 2518.25
20.8879 82.634 2537.57
-163.49 -340.848 2638.1
48.2022 -361.534 2524.59
-180.855 -789.805 2465.82
19.7527 -735.215 2391.56
-56.1243 747.865 2432.96
-64.2944 545.95 2461.52
-212.458 549.848 2446.82
83.8688 542.051 2476.22
-213.866 259.292 2427.71
85.077 251.575 2455.93
-184.984 30.688 2249.68
46.6309 41.3618 2258.13
-73.5579 315.861 2493.86
-185.018 88.4612 2516.05
19.3757 83.0831 2536.34
-164.936 -337.966 2642.13
45.238 -361.155 2520.81
-184.299 -789.154 2462.67
17.9621 -730.799 2391.35
-54.1088 747.386 2435.13
-63.278 545.376 2462.9
-211.432 550.04 2448.32
84.8755 540.712 2477.48
-212.594 259.257 2433.04
85.8805 249.98 2461.24
-187.323 19.1367 2270.27
51.8799 25.0136 2279.52
-73.6192 315.212 2494.36
-186.167 88.2645 2515.76
18.2468 81.8295 2535.88
-162.954 -335.406 2650.33
47.1963 -362.237 2520
-185.294 -790.778 2462.3
18.3793 -731.766 2392.98
-50.3423 745.608 2437.46
-60.8896 543.599 2464.83
-209.158 549.564 2452.01
87.3791 537.633 2477.66
-210.11 258.636 2439.77
88.2076 246.738 2464.67
-187.987 9.05997 2291.41
58.1515 9.60643 2298.37
-72.8282 313.444 2495.79
-187.062 87.4042 2517.9
17.5288 79.1726 2535.6
-163.552 -335.117 2656.26
46.6737 -364.9 2519.52
-184.207 -790.038 2464.07
18.2947 -734.299 2391.59
-46.3522 740.584 2443.32
-57.3208 538.358 2468.87
-205.691 544.875 2457.57
91.0492 531.842 2480.17
-206.467 253.854 2447.79
91.7277 240.841 2469.78
-187.082 -3.46547 2312.88
65.1593 -6.28492 2318.08
-69.6487 307.97 2497.88
-184.337 82.0768 2519.09
20.3835 73.0853 2534.68
-160.181 -343.711 2646.64
51.1078 -370.891 2518.59
-181.225 -794.802 2463.8
21.5863 -741.297 2390.15
-43.326 734.531 2457.79
-53.1722 531.779 2477.96
-201.177 537.589 2462.32
94.8327 525.969 2493.6
-201.807 246.508 2454.5
95.3855 234.902 2485.29
-184.805 -17.1391 2332.06
71.894 -20.4148 2347.26
-64.6689 300.665 2500.91
-178.276 73.5601 2513.06
25.9449 65.5436 2534.64
-157.613 -353.399 2637.55
53.5595 -378.686 2520.15
-177.669 -798.649 2456.85
23.162 -744.55 2388.58
-48.5719 730.438 2468.95
-59.1042 527.344 2484.58
-207.662 534.245 2476.4
89.4533 520.442 2492.76
-208.171 243.126 2470.13
89.9019 229.331 2486.1
-193.241 -25.6824 2359.19
69.1207 -32.681 2360.77
-70.8403 295.787 2502.34
-185.03 68.9896 2514.47
19.8774 59.4698 2525.75
-170.532 -355.393 2648.02
42.6113 -385.072 2513.06
-190.476 -795.666 2461.7
13.4574 -739.031 2379.76
-63.4185 730.389 2475.83
-68.2566 527.017 2489.19
-216.941 529.884 2480.92
80.4283 524.15 2497.46
-217.353 238.741 2475.91
80.7913 233.012 2492.14
-204.225 -34.2733 2375.5
62.3958 -34.4651 2378.53
-73.5735 295.038 2504.34
-181.326 65.0354 2513.8
23.5455 61.0845 2525.2
-161.917 -359.938 2645.06
50.6489 -383.288 2516.36
-177.872 -794.922 2457.22
23.3835 -731.907 2388.55
-71.78 729.155 2478.73
-73.2861 525.605 2491.48
-222.059 526.127 2484.38
75.4865 525.083 2498.57
-222.39 234.968 2480.38
75.7796 233.928 2494.31
-210.831 -41.4682 2389.61
59.4834 -38.0019 2391.46
-74.7957 293.535 2506.06
-178.844 61.8238 2515.76
26.2328 61.1043 2525.54
-162.328 -362.27 2650.38
50.0413 -383.517 2520.74
-178.695 -794.724 2462.7
21.4692 -733.767 2390.64
-77.8525 723.889 2478.64
-76.0846 520.276 2491.18
-224.959 518.681 2486.95
72.7895 521.871 2495.4
-225.226 227.512 2483.75
73.0257 230.705 2491.99
-215.035 -51.7071 2401.75
58.5772 -44.8502 2398.99
-74.0096 288.205 2505.68
-174.585 55.0337 2517.27
30.7159 57.2335 2523.1
-161.234 -369.378 2651.35
52.8748 -387.493 2517.67
-176.759 -797.496 2466.69
23.9032 -740.719 2386.01
-96.236 718.092 2487.38
-86.1692 514.884 2495.73
-234.924 507.401 2495.54
62.5854 522.366 2495.92
-235.138 216.226 2492.97
62.7754 231.192 2493.2
-226.141 -65.2538 2418.96
49.9538 -47.3102 2409.17
-74.5108 282.854 2505.63
-165.428 45.6646 2515.39
39.7232 55.9838 2515.65
-156.17 -380.772 2643.1
56.0957 -388.987 2512.04
-172.244 -799.666 2464.55
28.3519 -734.621 2381.62
-106.886 712.389 2492.58
-92.9603 509.166 2498.73
-241.51 499.002 2502.44
55.5889 519.331 2495.02
-241.682 207.822 2500.39
55.7416 228.152 2492.84
-233.728 -75.4932 2433.62
44.3536 -52.7457 2416.97
-76.9114 277.304 2506.08
-163.212 38.4389 2515.98
41.487 52.4455 2510.87
-161.863 -385.533 2651.64
49.0485 -392.541 2517.76
-179.056 -798.492 2463.59
22.5442 -736.892 2384.94
-117.716 707.633 2490.27
-100.048 504.628 2497.47
-248.327 491.899 2503.43
48.23 517.357 2491.51
-248.465 200.717 2501.79
48.3525 226.175 2489.77
-241.425 -84.0881 2441.57
38.2287 -56.6679 2421.31
-79.8339 273.132 2505.98
-161.806 32.8642 2518.6
42.5665 50.4082 2510.39
-161.871 -391.61 2652.99
47.2306 -394.672 2519.95
-180.196 -796.15 2465.28
23.8735 -737.195 2388.53
-120.589 714.946 2491.32
-102.132 511.882 2498.51
-250.269 498.68 2506.57
46.0059 525.083 2490.45
-250.38 207.496 2505.26
46.1042 233.9 2489.06
-244.14 -78.5182 2450.98
37.0964 -50.5222 2427.31
-81.0484 280.461 2506.95
-162.091 39.9382 2520.94
42.1603 58.1408 2509.83
-164.783 -387.334 2645.9
47.4294 -386.99 2519.85
-180.549 -780.653 2468.9
23.478 -725.284 2388.69
-123.382 721.574 2490.42
-104.132 518.548 2498.32
-252.096 504.934 2508.59
43.8321 532.162 2488.06
-252.184 213.749 2507.54
43.9109 240.977 2486.94
-246.648 -73.2457 2458.62
35.8893 -44.7257 2431.27
-82.207 287.236 2507.57
-162.322 46.5358 2523.9
41.758 65.3134 2509.74
-165.108 -378.728 2655.62
48.3128 -379.694 2524.08
-178.882 -780.17 2470.42
23.4897 -725.244 2390.22
-120.546 736.779 2493.94
-102.719 533.554 2500.32
-250.725 520.888 2511.18
45.2865 546.22 2489.46
-250.796 229.703 2510.34
45.3498 255.035 2488.57
-245.878 -58.0867 2466.27
38.2005 -31.7074 2438.4
-82.3563 302.037 2507.82
-164.079 61.7829 2522.8
40.0918 79.2555 2507.82
-166.714 -366.251 2645.08
45.5513 -365.694 2524.8
-180.605 -771.045 2465.85
24.2578 -719.168 2387.95
-115.666 756.722 2501.12
-100.568 553.269 2504.2
-248.656 542.293 2515.75
47.5202 564.244 2492.64
-248.713 251.107 2515.07
47.5708 273.059 2491.93
-244.34 -37.3267 2475.37
41.1941 -14.5264 2446.72
-83.1109 321.42 2507.7
-167.813 81.9988 2519.17
36.5053 97.1421 2503.23
-170.176 -345.113 2644.91
44.778 -347.417 2526.91
-179.247 -766.351 2464.96
21.2701 -716.095 2383.97
-112.637 770.09 2502.08
-99.0419 566.476 2504.68
-247.063 556.657 2517.99
48.9796 576.295 2491.36
-247.109 265.47 2517.45
49.0203 285.108 2490.79
-243.216 -23.4859 2481.69
43.3284 -3.15964 2450.06
-83.4013 334.487 2507.48
-169.878 95.7253 2519.46
34.3561 109.273 2501.09
-167.459 -332.14 2642.67
47.5502 -334.897 2529.22
-177.505 -772.525 2471.55
21.607 -724.335 2386.13
-108.988 773.683 2496.43
-96.5933 569.975 2499.86
-244.678 561.072 2513.11
51.4913 578.878 2486.6
-244.715 269.886 2512.68
51.524 287.691 2486.14
-241.246 -19.4938 2480.48
46.4399 -1.1308 2449.46
-82.3079 337.913 2503.59
-170.182 99.7088 2516.47
34.1372 111.992 2498.17
-164.361 -328.106 2639.85
48.697 -332.214 2525.71
-176.73 -782.569 2468.18
22.9598 -729.445 2387.76
-102.846 775.658 2492.15
-92.8977 571.828 2495.77
-241.371 564.717 2505.22
55.5755 578.94 2486.33
-241.4 273.53 2504.87
55.6017 287.753 2485.96
-238.307 -16.1922 2475.87
51.0575 -1.5174 2452.92
-81.4991 339.617 2500.12
-172.536 102.5 2510.98
32.3352 112.313 2497.95
-166.939 -323.418 2640.7
46.68 -331.885 2526.1
-180.284 -784.911 2462.2
22.0537 -731.188 2391.71
-99.2917 777.922 2491.98
-90.5775 574.005 2494.55
-239.199 567.77 2502.09
58.0443 580.239 2487.02
-239.223 276.584 2501.81
58.0653 289.053 2486.72
-236.462 -13.417 2475.7
54.0013 -0.581766 2456.97
-80.6723 341.706 2497.72
-173.27 105.108 2506.08
31.7356 113.708 2495.69
-164.768 -320.208 2637.68
48.456 -330.512 2522.18
-179.05 -786.686 2462.59
24.0558 -728.802 2390.34
-98.6228 778.655 2489.52
-89.9285 574.717 2492.29
-238.444 568.554 2501.74
58.5868 580.88 2482.84
-238.463 277.367 2501.52
58.6035 289.694 2482.6
-235.997 -12.8586 2478.01
54.9669 -0.235607 2455.81
-80.0736 342.42 2495.67
-172.661 105.871 2505.56
32.224 114.374 2492.52
-163.89 -315.147 2649.78
50.5456 -329.383 2524.65
-178.347 -790.32 2464.27
24.9563 -727.865 2388.69
-98.1289 779.034 2488.78
-90.4584 575.043 2491.05
-238.802 569.462 2503.18
57.8852 580.625 2478.92
-238.817 278.276 2503.01
57.8986 289.438 2478.74
-236.613 -12.1328 2481.84
54.6427 -0.730099 2454.62
-81.5109 342.699 2493.57
-174.896 106.504 2504.46
29.7692 114.204 2487.72
-166.791 -319.1 2634.04
48.3012 -329.23 2523.99
-183.004 -789.834 2461.37
19.984 -728.359 2386.7
-98.989 779.951 2480.11
-90.1316 576.076 2484.76
-238.591 569.716 2494.93
58.3276 582.435 2474.58
-238.603 278.529 2494.79
58.3383 291.248 2474.43
-236.632 -12.0267 2475.74
55.422 0.886701 2452.72
-79.828 343.831 2489.94
-171.932 107.2 2502.14
32.883 115.974 2488.1
-161.534 -318.851 2630.7
52.2662 -327.198 2527.17
-176.752 -790.963 2458.94
26.5204 -725.757 2393.16
-96.3286 779.3 2474.79
-87.8219 575.434 2480.81
-236.392 569.33 2489.4
60.748 581.539 2472.21
-236.402 278.143 2489.29
60.7566 290.352 2472.09
-234.638 -12.5328 2472.14
58.1432 -0.166309 2452.54
-77.8867 343.216 2487.61
-170.44 106.787 2500.35
34.5373 115.209 2488.5
-162.848 -319.133 2629.85
49.9779 -328.159 2527.07
-178.095 -791.673 2460
25.6156 -728.475 2392.95
-94.5095 780.796 2471.74
-87.09 576.909 2478.66
-235.653 571.691 2487.93
61.4735 582.128 2469.4
-235.661 280.504 2487.84
61.4804 290.941 2469.3
-234.082 -10.2687 2472.4
59.1376 0.295686 2451.71
-78.4494 344.669 2486.41
-172.3 108.829 2500.55
32.6821 116.029 2487.77
-166.565 -315.947 2633.95
46.0828 -327.56 2524.62
-181.438 -789.511 2462.27
21.8325 -728.466 2390.23
-91.878 779.692 2465.76
-85.1503 575.867 2474.6
-233.799 571.152 2482.7
63.498 580.582 2466.5
-233.805 279.965 2482.63
63.5036 289.395 2466.42
-232.39 -10.8867 2468.73
61.4026 -1.35323 2450.58
-77.2373 343.689 2484.66
-171.88 108.259 2500.32
33.2315 114.765 2489.14
-164.208 -317.405 2630.84
46.7658 -329.034 2523.38
-179.712 -791.776 2462.48
24.044 -732.334 2391.53
-88.3017 777.495 2460.67
-83.1977 573.717 2471.25
-231.795 570.527 2480.89
65.3997 576.907 2461.61
-231.8 279.34 2480.83
65.4042 285.721 2461.55
-230.532 -11.5752 2468.32
63.5194 -5.11066 2447.3
-77.4455 341.56 2483.09
-174.216 107.203 2501.58
30.8297 111.605 2488.28
-166.923 -319.183 2629.81
43.2616 -332.529 2518.16
-182.742 -792.087 2464.89
22.0077 -733.131 2390.49
-85.8344 777.439 2457.32
-82.0064 573.675 2468.9
-230.665 571.327 2477.81
66.652 576.023 2459.99
-230.669 280.141 2477.76
66.6556 284.836 2459.94
-229.532 -10.8263 2466.51
64.9643 -6.06283 2447.11
-77.5633 341.55 2481.86
-175.679 107.805 2500.97
29.4389 111.044 2488.68
-164.856 -319.239 2626.73
45.8737 -332.881 2519.66
-183.105 -790.854 2461.49
22.8879 -731.979 2391.84
-81.6739 779.038 2460.53
-78.7929 575.163 2470.28
-227.544 573.553 2477.69
69.9578 576.772 2462.87
-227.547 282.366 2477.65
69.9607 285.586 2462.83
-226.528 -8.64251 2467.52
68.4426 -5.3681 2451.28
-75.7203 342.925 2481.51
-175.276 109.577 2497.86
29.9802 111.799 2487.63
-163.835 -317.802 2622.47
48.8072 -332.096 2517.84
-180.34 -789.38 2459.73
24.2421 -730.881 2389.48
-82.8369 779.216 2457.37
-79.3891 575.367 2467.77
-228.064 573.421 2476.51
69.2856 577.313 2459.04
-228.066 282.234 2476.48
69.2879 286.126 2459
-227.152 -8.80855 2467.36
67.9248 -4.87207 2448.61
-75.6465 343.176 2479.74
-174.478 109.643 2497.74
30.6702 112.328 2485.68
-164.549 -316.305 2627.22
49.5483 -331.286 2519.69
-178.55 -792.449 2462.02
25.0725 -730.218 2391.02
-82.6332 779.782 2456.84
-79.2259 575.954 2467.83
-227.962 573.939 2475.44
69.5097 577.969 2460.21
-227.964 282.752 2475.41
69.5115 286.782 2460.19
-227.143 -8.31794 2467.21
68.2874 -4.25153 2450.83
-75.4283 343.806 2480.57
-174.248 110.268 2498.57
30.9872 113.048 2488.07
-165.802 -318.252 2619.09
47.9457 -330.659 2521.99
-177.351 -791.056 2466.17
21.5965 -732.074 2394.64
-86.7903 778.897 2454.36
-83.1661 575.15 2466.69
-231.719 573.305 2477.32
65.3868 576.995 2456.07
-231.721 282.118 2477.3
65.3883 285.808 2456.05
-230.984 -8.97412 2469.91
64.2888 -5.25474 2447.62
-79.2762 343.081 2480.78
-177.88 109.739 2502.2
27.1076 112.285 2487.53
-169.657 -317.189 2628.32
44.7668 -331.53 2519.72
-181.337 -791.788 2467.58
18.3433 -733.582 2393.38
-85.4589 779.152 2453.53
-81.481 575.44 2466.43
-230.174 573.175 2474.78
67.2118 577.705 2458.09
-230.175 281.988 2474.76
67.2131 286.518 2458.07
-229.514 -9.12197 2468.11
66.2253 -4.5686 2450.49
-77.1306 343.407 2480.97
-175.353 109.813 2501.27
29.7931 112.937 2489.76
-163.077 -318.036 2623.96
51.4222 -330.854 2519.51
-176.272 -791.483 2464.88
24.3864 -730.671 2396.51
-80.3086 778.937 2457.11
-77.7464 575.123 2468.4
-226.572 573.691 2474.16
71.0793 576.554 2462.63
-226.573 282.504 2474.15
71.0803 285.368 2462.62
-225.979 -8.62021 2468.16
70.1928 -5.73787 2455.8
-75.0095 342.975 2481.41
-174.938 109.84 2498.39
30.3923 111.815 2490.44
-164.193 -317.666 2622.54
50.3052 -332.077 2520.07
-179.87 -791.167 2462.33
22.0466 -731.204 2395.14
-80.37 778.888 2457.9
-77.5002 575.043 2468.75
-226.358 573.343 2473.52
71.3579 576.742 2463.97
-226.359 282.156 2473.51
71.3587 285.555 2463.96
-225.825 -8.98008 2468.13
70.5611 -5.56548 2457.82
-74.4497 342.869 2481.21
-174.082 109.523 2496.96
31.2835 111.868 2490.37
-164.485 -317.649 2622.42
47.8317 -332.384 2516.12
-178.78 -792.352 2465.94
22.6308 -731.913 2394.42
-80.6785 778.274 2457.4
-78.3757 574.46 2469
-227.196 573.268 2474.96
70.4446 575.651 2463.04
-227.197 282.081 2474.96
70.4453 284.465 2463.03
-226.717 -9.06505 2470.11
69.7283 -6.66878 2457.51
-75.9887 342.318 2482.18
-176.271 109.354 2499.47
29.0673 110.999 2491.25
-167.199 -315.727 2631.73
44.6834 -333.276 2517.5
-182.422 -792.609 2464.94
20.2087 -734.773 2395.37
-85.634 778.309 2457.14
-82.0775 574.53 2468.96
-230.852 572.441 2475.76
66.6972 576.62 2462.17
-230.853 281.254 2475.75
66.6977 285.433 2462.16
-230.422 -9.89997 2471.39
66.0532 -5.71067 2457.19
-78.197 342.432 2482.55
-176.959 108.893 2500.83
28.3257 111.776 2491.45
-166.122 -318.461 2625.25
47.4096 -332.303 2518.62
-181.272 -792.603 2464.86
21.0061 -731.594 2395.24
-91.037 778.388 2454.04
-86.5858 574.723 2467.31
-235.2 572.232 2476.9
62.0288 577.213 2457.72
-235.201 281.045 2476.89
62.0293 286.027 2457.71
-234.814 -10.115 2472.97
61.4498 -5.12518 2453.23
-81.715 342.746 2482.54
-179.379 109.051 2504.39
25.6902 112.488 2491.15
-166.906 -317.707 2630.86
46.9619 -331.231 2522.17
-183.599 -791.836 2468.11
17.3512 -731.396 2395.03
-93.4076 778.996 2462.91
-88.84 575.189 2472.64
-237.324 572.285 2483.99
59.6435 578.092 2461.3
-237.324 281.099 2483.98
59.6439 286.905 2461.29
-236.976 -10.0665 2480.45
59.1229 -4.25326 2457.26
-83.4443 342.994 2483.84
-180.479 108.797 2502.87
24.3819 112.803 2487.21
-165.431 -317.978 2629.09
47.8027 -330.998 2515.44
-181.595 -792.678 2460.63
20.8096 -730.152 2391.59
-95.3077 779.545 2470.97
-90.1249 575.638 2477.35
-238.625 572.136 2488.3
58.3752 579.14 2466.39
-238.625 280.949 2488.3
58.3755 287.953 2466.39
-238.313 -10.2199 2485.12
57.907 -3.21047 2462.76
-84.0939 343.31 2484.83
-180.509 108.566 2499.87
24.3829 113.398 2484.76
-164.135 -318.927 2623.51
48.8369 -329.819 2519.83
-180.118 -792.891 2458.23
22.6979 -728.107 2391.96
-94.4079 780.134 2474.65
-89.503 576.152 2480.19
-238.106 572.945 2489.74
59.1005 579.36 2470.63
-238.107 281.758 2489.74
59.1008 288.173 2470.63
-237.826 -9.41479 2486.87
58.6796 -2.99467 2467.37
-84.069 343.78 2486.69
-181.16 109.195 2499.78
23.8906 113.622 2486.6
-164.613 -316.008 2630.87
47.3468 -329.552 2523.26
-181.052 -791.658 2460.61
22.9866 -731.581 2395.63
-96.034 780.43 2477.73
-90.9934 576.406 2482.29
-239.617 573.073 2491.48
57.6301 579.739 2473.09
-239.617 281.886 2491.48
57.6304 288.553 2473.09
-239.364 -9.2893 2488.91
57.2515 -2.61898 2470.15
-85.4536 344.006 2487.58
-182.454 109.306 2499.22
22.6261 113.906 2486.53
-167.764 -318.622 2621.12
46.2383 -329.205 2524.07
-181.399 -792.462 2460.41
19.5766 -730.543 2392.95
-94.4205 778.07 2482.02
-89.6074 574.009 2485.51
-238.183 570.589 2495.41
58.9684 577.429 2475.6
-238.184 279.402 2495.41
58.9687 286.242 2475.6
-237.956 -11.7753 2493.09
58.6279 -4.93255 2472.95
-83.9819 341.588 2489.64
-180.868 106.807 2500.61
24.1554 111.526 2486.94
-165.162 -318.562 2630.99
49.1298 -331.439 2525.39
-178.844 -795.714 2458.96
24.0638 -734.221 2391
-91.9511 775.835 2481.07
-88.5935 571.78 2485.88
-237.291 569.418 2494.13
60.1038 574.143 2477.62
-237.291 278.231 2494.13
60.1041 282.956 2477.62
-237.087 -12.9482 2492.04
59.7976 -8.22108 2475.24
-84.5868 339.358 2491.54
-183.177 105.306 2502.89
22.017 108.566 2491.5
-171.946 -320.586 2632.23
45.4584 -334.91 2524.21
-182.401 -792.535 2463.13
19.2535 -736.81 2393.42
-93.1648 768.209 2485.15
-92.052 564.156 2490.47
-240.667 563.545 2500.37
56.5626 564.766 2480.57
-240.667 272.358 2500.36
56.5629 273.579 2480.57
-240.483 -18.8222 2498.49
56.2872 -17.5995 2478.42
-90.7095 331.707 2496.29
-191.9 98.8369 2508.94
13.1657 99.6791 2495.28
-177.495 -323.942 2647.6
38.1876 -344.01 2523.63
-188.218 -798.417 2468.13
13.4112 -739.749 2393.87
-97.1391 765.117 2482.04
-94.6656 561.178 2489.84
-243.108 559.993 2502.01
53.7771 562.364 2477.68
-243.109 268.806 2502.01
53.7774 271.177 2477.68
-242.943 -22.3759 2500.32
53.5293 -20.0034 2475.75
-92.0785 328.839 2498.77
-191.898 95.6814 2516.09
12.915 97.317 2499.3
-167.607 -329.824 2644.12
46.8707 -345.884 2524.62
-179.778 -795.07 2469.31
21.3561 -733.234 2396.18
-86.9151 758.795 2488.67
-90.5972 555.01 2495.92
-238.539 558.253 2512.87
57.3451 551.766 2478.97
-238.54 267.067 2512.86
57.3454 260.58 2478.97
-238.391 -24.116 2511.34
57.1222 -30.6018 2477.23
-94.7827 322.658 2503.85
-201.026 92.5433 2523.47
3.08939 88.0683 2500.08
-174.851 -333.1 2651.23
35.4709 -355.325 2525.15
-189.959 -795.549 2467.22
11.0362 -739.617 2394.13
-75.379 744.321 2483.77
-82.948 540.807 2494.27
-230.932 547.046 2509.97
65.0357 534.568 2478.56
-230.932 255.859 2509.97
65.036 243.381 2478.56
-230.798 -35.3247 2508.6
64.8351 -47.801 2477
-91.4843 308.736 2506.02
-202.02 80.9655 2528.6
1.97849 72.3655 2506.95
-166.107 -347.109 2644.71
41.9896 -370.613 2526.54
-182.716 -803.793 2469.09
17.6869 -748.924 2396.58
-74.41 737.14 2487.17
-81.7303 533.48 2497.38
-229.683 539.522 2513.45
66.2225 527.437 2481.31
-229.683 248.336 2513.45
66.2229 236.25 2481.31
-229.563 -42.8485 2512.22
66.0421 -54.9331 2479.91
-89.9697 301.382 2508.8
-200.217 73.4501 2531.29
3.79895 65.1176 2509.14
-164.281 -356.205 2641.97
44.3467 -378.089 2520.45
-180.244 -799.6 2463.53
20.882 -739.34 2391.39
-77.5206 735.084 2480.38
-83.2489 531.573 2493.85
-231.463 536.528 2507.74
64.9652 526.619 2479.97
-231.463 245.341 2507.74
64.9655 235.432 2479.97
-231.355 -45.8436 2506.63
64.8029 -55.7521 2478.7
-89.578 299.633 2509.06
-198.134 71.1094 2533.84
6.32008 64.2748 2514.68
-163.561 -358.108 2647
43.4186 -379.358 2522.01
-181.584 -794.802 2463.69
21.3605 -735.806 2394.88
-79.9487 731.07 2477.01
-84.6732 527.568 2491.77
-233.028 531.798 2504.32
63.6821 523.338 2479.21
-233.029 240.612 2504.32
63.6824 232.151 2479.21
-232.931 -50.5733 2503.32
63.536 -59.0332 2478.07
-89.8742 295.701 2508.43
-197.406 66.7507 2533.76
7.2554 60.915 2516.44
-166.031 -363.281 2644.91
41.1447 -383.023 2517.01
-180.686 -795.025 2463.89
22.3017 -735.304 2391.32
-74.581 723.542 2465.97
-81.1987 520.457 2484.46
-229.791 525.919 2493.14
67.3933 514.995 2475.78
-229.791 234.732 2493.14
67.3937 223.808 2475.78
-229.704 -56.4529 2492.24
67.2619 -67.3771 2474.76
-88.4719 289.01 2505.6
-198.251 61.3314 2532.73
6.76048 53.7951 2520.75
-167.022 -367.416 2648.8
41.906 -390.09 2518.85
-182.623 -796.667 2463.33
22.1 -740.513 2393.98
-69.1236 717.889 2462.63
-77.5992 514.885 2481.79
-226.291 521.505 2487.41
71.093 508.265 2476.16
-226.292 230.319 2487.41
71.0933 217.079 2476.16
-226.213 -60.867 2486.6
70.9749 -74.1066 2475.24
-87.0665 283.594 2503.74
-199.081 56.8689 2529.58
6.01351 47.7377 2521.82
-167.791 -370.66 2650.08
39.9595 -396.162 2513.79
-181.397 -795.004 2461.11
21.4366 -741.223 2390.47
-67.4302 715.568 2461.7
-76.5385 512.589 2481.27
-225.252 519.576 2485.79
72.1746 505.602 2476.76
-225.252 228.389 2485.79
72.1749 214.415 2476.76
-225.181 -62.7966 2485.06
72.0682 -76.7703 2475.93
-86.7198 281.375 2503.72
-199.463 54.9805 2529.28
5.66061 45.3431 2523.05
-167.652 -371.846 2652.19
41.4814 -398.473 2517.27
-180.891 -793.062 2462.34
20.9849 -738.886 2389.93
-63.3822 717.153 2454.4
-74.0328 514.568 2476.77
-222.743 522.544 2479.31
74.6775 506.593 2474.23
-222.743 231.357 2479.31
74.6778 215.406 2474.23
-222.679 -59.8292 2478.66
74.5817 -75.7799 2473.48
-85.973 283.768 2502.38
-200.495 58.4696 2529.75
4.66816 47.4665 2526.24
-169.549 -369.332 2649.46
40.4776 -396.38 2520.98
-180.994 -786.496 2465.27
17.9251 -737.02 2389.53
-63.2578 728.182 2456.35
-75.0537 525.527 2477.74
-223.715 534.324 2480.44
73.6074 516.73 2475.03
-223.715 243.137 2480.44
73.6077 225.543 2475.03
-223.658 -48.0488 2479.85
73.5211 -65.6427 2474.36
-88.2696 294.673 2502.21
-204.036 69.8875 2528.54
1.06468 57.7507 2524.81
-172.914 -359.017 2644.18
37.0313 -386.074 2518.11
-184.303 -778.972 2465.83
16.5902 -726.704 2384.86
-63.1262 724.341 2459.9
-74.0382 521.479 2479.84
-222.715 529.695 2483.36
74.639 513.263 2476.32
-222.716 238.509 2483.36
74.6393 222.076 2476.32
-222.664 -52.6777 2482.83
74.5614 -69.1098 2475.71
-86.2679 290.399 2502.63
-201.07 64.9878 2527.85
4.0746 53.6512 2522.99
-167.013 -362.637 2647.3
43.482 -389.885 2522.27
-176.713 -795.492 2463.82
21.7893 -744.991 2382.82
-54.4702 717.502 2467.26
-68.3366 514.636 2484.38
-216.81 525.134 2489.9
80.1364 504.138 2478.87
-216.81 233.947 2489.9
80.1367 212.952 2478.87
-216.763 -57.2392 2489.42
80.0666 -78.2346 2478.32
-83.9629 283.45 2503.76
-202.025 59.5059 2526.94
2.84694 45.0204 2519.33
-169.851 -370.204 2639.03
39.9927 -398.735 2519.41
-182.529 -795.184 2463.29
17.4287 -742.486 2383.11
-50.8831 712.078 2466.74
-65.3324 509.182 2483.68
-213.793 520.06 2488.78
83.1281 498.304 2478.58
-213.793 228.873 2488.78
83.1284 207.118 2478.58
-213.751 -62.3134 2488.35
83.0653 -84.0688 2478.09
-81.6114 278.023 2502.84
-200.301 54.3669 2525.52
4.52049 39.3596 2518.48
-165.249 -375.225 2637.34
42.7144 -404.324 2518.14
-180.964 -795.428 2463.99
19.1378 -740.051 2385.36
-71.9476 696.99 2467.56
-71.8796 490.236 2486.57
-222.542 491.179 2481.88
78.783 489.293 2491.26
-222.543 199.993 2481.88
119.49 362.746 2417.43
-222.505 -91.1939 2481.49
153.926 203.104 2287.95
-73.8866 262.767 2505.3
-177.192 35.9318 2520.89
25.4053 34.6637 2527.19
-145.599 -391.314 2632.84
60.236 -409.284 2529.06
-162.715 -805.965 2460.88
38.7369 -737.786 2394.22
-87.7682 687.78 2463.31
-79.9656 478.994 2483.66
-231.65 475.014 2477.74
71.7193 482.974 2489.58
-231.651 183.827 2477.74
175.277 414.839 2382.89
-231.617 -107.359 2477.39
232.043 309.886 2195.15
-74.8182 253.71 2503.23
-171.216 25.7622 2518.83
31.8742 31.0911 2526.76
-160.806 -403.245 2631.05
45.4415 -413.355 2519.06
-177.171 -796.057 2461.33
23.2407 -733.729 2384.39
-91.0771 674.015 2457.65
-84.7552 465.125 2480.23
-236.507 462.295 2475.48
66.9969 467.955 2484.97
-236.508 171.108 2475.48
237.193 290.666 2328.79
-236.477 -120.078 2475.17
320.14 128.177 2101.84
-81.2538 240.058 2502.47
-179.853 13.0878 2521.52
24.3476 16.8955 2527.9
-173.139 -415.073 2640.32
34.4486 -427.908 2518.6
-191.252 -797.426 2462.95
10.1266 -742.148 2387.1
-104.307 665.914 2456.73
-91.5542 457.361 2479.48
-243.218 450.123 2477.28
60.1098 464.6 2481.69
-243.218 158.936 2477.28
209.283 248.493 2355.85
-243.191 -132.251 2476.99
296.889 64.315 2148.02
-81.156 232.558 2502.23
-173.093 2.87115 2523.48
31.577 12.6395 2526.46
-158.25 -426.179 2639.8
49.6773 -431.812 2511.49
-176.004 -794.371 2461.79
23.0181 -734.995 2383.72
-107.526 662.486 2460.73
-94.2289 453.589 2481.52
-245.896 446.361 2483.52
57.4385 460.817 2479.51
-245.897 155.174 2483.52
184.168 218.593 2379.23
-245.872 -136.013 2483.27
273.375 15.9318 2190.13
-83.2334 228.621 2502.27
-174.674 -1.22761 2524.37
30.1982 8.5362 2521.67
-165.304 -430.9 2639.9
38.9229 -436.354 2512.37
-184.877 -788.516 2459.03
16.2021 -737.322 2380.53
-112.83 665.758 2460.48
-97.4604 456.951 2481.6
-248.998 448.556 2486.61
54.0774 465.346 2476.59
-248.998 157.37 2486.61
159.649 205.874 2397.1
-248.976 -133.817 2486.38
248.178 -12.376 2225.87
-84.3051 232.144 2502.81
-173.564 1.66228 2527.41
31.2644 13.0094 2520.64
-160.5 -426.284 2649.18
39.8391 -432.064 2514.56
-181.904 -781.563 2463.26
19.459 -729.407 2382.8
-115.924 669.114 2466.71
-98.9257 460.167 2485.21
-250.318 450.711 2492.3
52.4662 469.624 2478.11
-250.318 159.524 2492.3
139.304 198.89 2415.24
-250.298 -131.662 2492.1
225.512 -32.4002 2260.77
-84.0107 235.225 2503.65
-171.46 3.8895 2526.9
33.2691 16.6774 2517.3
-161.514 -425.489 2644.1
43.7198 -428.403 2518.66
-180.772 -782.255 2457.78
22.3004 -731.527 2379.77
-120.18 680.92 2475.37
-101.171 471.893 2490.4
-252.509 460.817 2496.2
50.1656 482.968 2484.59
-252.509 169.631 2496.2
120.998 204.936 2434.89
-252.491 -121.556 2496.02
203.747 -37.1928 2295.91
-84.1382 246.822 2505.04
-169.468 14.2595 2523.6
35.2582 29.2422 2515.75
-160.587 -413.68 2646.17
42.2896 -415.921 2520.75
-181.286 -773.633 2453.99
22.2758 -724.313 2381.13
-117.35 686.642 2478.88
-101.404 477.254 2492.54
-252.703 468.591 2502.18
49.8949 485.918 2482.91
-252.703 177.404 2502.18
107.347 203.177 2443.58
-252.687 -113.783 2502.02
185.894 -47.9151 2318.79
-87.659 251.868 2505.72
-176.272 20.6211 2525.41
28.4436 32.3434 2512.37
-171.053 -404.756 2656.62
33.3487 -412.701 2524.43
-189.304 -776.44 2463.53
14.4602 -732.625 2381.03
-119.046 695.127 2485.75
-103.751 485.496 2496.21
-255.01 477.211 2506.76
47.5087 493.782 2485.66
-255.01 186.024 2506.76
93.9286 208.011 2454.51
-254.996 -105.163 2506.61
167.832 -50.462 2342.62
-90.7102 259.896 2505.99
-179.975 28.6917 2522.91
24.6349 39.8999 2508.64
-168.609 -398.554 2647.43
37.2627 -405.029 2518.48
-184.389 -774.607 2460.41
17.4672 -728.597 2380.03
-113.776 707.059 2485
-101.369 497.268 2496.28
-252.643 491.194 2508.04
49.9057 503.342 2484.51
-252.644 200.007 2508.04
87.3117 215.626 2459.81
-252.631 -91.1797 2507.91
156.355 -48.9067 2359.59
-91.4736 271.549 2506.97
-183.924 41.7212 2525.62
20.767 49.9403 2509.7
-168.679 -385.318 2650.7
37.2648 -394.87 2521.08
-184.142 -770.583 2464.72
17.8345 -721.824 2386.5
-113.114 719.286 2487.09
-100.902 509.388 2497.42
-251.977 503.529 2511.61
50.1724 515.246 2483.23
-251.978 212.343 2511.61
80.2578 226.283 2463.62
-251.966 -78.8442 2511.49
144.391 -43.2116 2373.9
-91.2318 283.617 2507.16
-183.775 53.8819 2526.51
20.6524 61.8093 2507.31
-164.659 -373.967 2648.32
41.6392 -382.852 2517.79
-179.41 -770.427 2465.47
22.2974 -718.841 2382.9
-106.914 743.594 2494.4
-96.6196 533.5 2501.33
-247.692 528.812 2515.98
54.4529 538.188 2486.69
-247.692 237.626 2515.98
78.6178 248.425 2471.1
-247.682 -53.5612 2515.87
137.91 -25.1232 2390.82
-89.014 307.523 2507.45
-183.623 78.374 2523.48
20.8062 84.7177 2503.67
-166.031 -350.817 2640.77
41.5909 -359.634 2522.46
-178.546 -757.055 2463.83
23.44 -707.707 2381.07
-98.2002 762.289 2499.91
-91.9874 551.045 2502.35
-242.614 549.263 2525.14
58.6389 552.826 2479.56
-242.614 258.076 2525.14
172.074 417.398 2391.93
-242.605 -33.1107 2525.04
284.065 298.895 2222.93
-89.157 325.904 2503.45
-187.917 99.5627 2519.93
15.2637 101.966 2489.18
-171.11 -327.71 2644.05
36.9458 -341.947 2515.56
-183.084 -759.878 2465.88
15.6417 -715.358 2371.4
-83.2252 776.838 2502.67
-82.2237 564.961 2504.41
-233.521 567.091 2524.09
69.0734 562.831 2484.72
-233.521 275.904 2524.09
214.458 331.585 2383.84
-233.513 -15.2825 2524
352.998 160.293 2193.43
-85.3426 340.371 2504.74
-190.191 117.214 2518.3
13.2681 114.35 2491.83
-170.03 -309.633 2643.49
42.0709 -328.162 2529.83
-178.731 -761.651 2469.43
20.8644 -716.82 2390.42
-81.7157 774.865 2494.47
-77.8022 562.841 2499.92
-230.153 562.875 2509.49
74.5485 562.807 2490.35
-230.153 271.689 2509.49
197.304 310.635 2412.06
-230.146 -19.4982 2509.41
332.635 118.606 2240.01
-77.6193 338.459 2503.64
-179.862 114.101 2513.78
24.989 114.055 2500.92
-157.37 -315.099 2629.95
56.1573 -328.685 2535.63
-166.844 -782.048 2466.54
33.9908 -729.162 2398.05
-81.2894 775.951 2488.38
-75.639 563.851 2496.33
-228.36 562.593 2499.13
77.0819 565.109 2493.54
-228.36 271.407 2499.13
178.936 299.162 2432.81
-228.353 -19.7802 2499.06
309.054 89.6541 2278.01
-73.6797 339.64 2502.48
-174.161 114.585 2510.5
30.7204 116.273 2506.75
-161.712 -316.157 2622.1
49.817 -327.701 2528.33
-172.436 -778.747 2464.67
28.6773 -724.594 2395.23
-86.817 776.242 2487.99
-79.999 563.996 2494.83
-232.823 562.037 2497.24
72.8249 565.955 2492.43
-232.823 270.85 2497.24
156.382 291.034 2445.25
-232.817 -20.3367 2497.17
279.97 66.9101 2306.38
-77.0463 339.836 2499.85
-176.584 114.361 2506.47
28.3969 116.989 2503.25
-169.623 -314.223 2626.48
42.3252 -327.588 2518.2
-179.79 -780.094 2462.95
21.0851 -722.498 2387.2
-87.4583 780.132 2488.42
-80.6748 567.779 2494.26
-233.559 565.901 2496.05
72.2097 569.657 2492.47
-233.56 274.714 2496.05
140.243 288.926 2455.71
-233.554 -16.4724 2496
256.511 52.6592 2331.42
-77.8747 343.629 2498.23
-177.7 118.218 2503.4
27.551 120.739 2501
-167.691 -308.059 2631.25
45.8726 -323.566 2521.22
-178.183 -776.331 2465.92
22.2676 -719.111 2389.11
-90.3784 781.844 2488.56
-82.7652 569.458 2493.22
-235.66 567.026 2495.72
70.1291 571.89 2490.71
-235.66 275.839 2495.72
125.241 287.413 2461.98
-235.655 -15.3479 2495.67
233.797 41.1076 2350.9
-79.1548 345.316 2495.97
-178.223 119.542 2500.4
27.1341 122.809 2497.03
-166.803 -306.801 2628.24
46.7232 -321.492 2518.3
-178.049 -777.021 2466.5
21.6461 -723.112 2387.22
-91.7979 781.315 2486.81
-83.324 568.931 2491.09
-236.217 565.9 2493.85
69.5689 571.962 2488.33
-236.217 274.714 2493.85
114.059 285.077 2465.8
-236.213 -16.4732 2493.8
214.797 30.5054 2366.63
-78.8387 344.809 2493.46
-177.053 118.651 2497.68
28.3464 122.723 2493.98
-166.35 -308.608 2622.63
48.5925 -321.341 2519.72
-175.077 -777.816 2465.05
23.7626 -722.432 2389.55
-96.5402 780.729 2476.92
-85.9248 568.579 2484.63
-238.747 564.12 2488.67
66.8977 573.039 2480.59
-238.748 272.933 2488.67
102.726 284.609 2462.86
-238.744 -18.254 2488.63
195.749 23.2525 2374.38
-79.229 344.61 2490.68
-175.207 117.645 2499.44
30.1406 123.637 2494.01
-165.28 -311.078 2619.34
49.6745 -320.267 2523.22
-175.756 -778.721 2469.15
25.5878 -719.01 2392.83
-98.9737 780.244 2469.51
-87.3515 568.212 2479.23
-240.136 563.107 2484.06
65.4334 573.317 2474.39
-240.137 271.92 2484.06
94.2366 283.896 2460.41
-240.133 -19.2669 2484.03
179.79 16.9855 2381.48
-79.6118 344.341 2487.41
-174.518 117.04 2498.85
30.7736 123.9 2492.34
-166.636 -312.062 2617.62
49.2501 -320.211 2519.31
-176.104 -778.234 2470.63
22.0525 -723.457 2391.29
-97.3627 779.666 2466.25
-85.5371 567.68 2477.08
-238.359 562.369 2480.53
67.2851 572.991 2473.63
-238.36 271.182 2480.53
90.4122 282.935 2462.58
-238.356 -20.0048 2480.49
168.836 11.4869 2392.18
-77.548 343.852 2486.39
-172.232 116.455 2498.02
33.114 123.592 2493.39
-164.714 -311.903 2619.51
52.0895 -320.335 2523.02
-174.58 -778.156 2469.82
23.5684 -721.919 2394.06
-94.5888 777.935 2459.94
-82.8799 566.031 2472.45
-235.726 560.773 2475.01
69.9668 571.289 2469.89
-235.727 269.586 2475.01
88.5199 280.826 2461.13
-235.724 -21.6007 2474.98
160.212 5.67672 2398.33
-74.9969 342.275 2483.5
-169.801 114.987 2496.28
35.5728 122.052 2492.84
-164.582 -314.561 2613.57
50.8893 -322.392 2514.83
-174.972 -778.505 2470.62
21.608 -725.101 2390.49
-94.859 776.499 2452.82
-82.6371 564.766 2467.48
-235.472 559.168 2470.11
70.1975 570.364 2464.86
-235.472 267.981 2470.11
85.0714 279.64 2457.9
-235.469 -23.2056 2470.08
150.46 1.47605 2401.88
-74.2179 341.157 2480.82
-168.48 113.787 2495.91
36.8824 121.308 2492.38
-165.35 -315.551 2614.1
49.5867 -322.994 2518.8
-176.347 -776.969 2472.36
21.4128 -720.78 2392.11
-94.35 776.193 2452.77
-82.1714 564.371 2466.31
-234.999 558.829 2469.5
70.6558 569.914 2463.12
-234.999 267.642 2469.5
82.5744 279.023 2457.59
-234.997 -23.5448 2469.47
142.101 -1.5936 2407.58
-73.8055 340.689 2478.46
-168.118 113.283 2492.75
37.2388 120.73 2488.47
-167.465 -314.212 2617.32
49.7707 -323.609 2514.99
-174.44 -776.643 2467.25
18.9366 -718.35 2390.92
-89.8177 776.508 2451.7
-79.19 564.66 2466.06
-232.072 560.077 2466.91
73.6921 569.243 2465.21
-232.072 268.89 2466.91
83.239 278.246 2460.81
-232.07 -22.2966 2466.89
137.343 -4.36572 2416.16
-72.4122 340.968 2479.03
-168.356 114.198 2492.57
37.0871 120.356 2491.43
-167.529 -313.562 2616.35
48.7109 -323.795 2521.37
-176.11 -776.405 2468.56
20.6689 -715.013 2396.42
-89.1407 775.701 2451.39
-81.1182 563.738 2465.52
-233.9 561.337 2471.32
71.6637 566.139 2459.73
-233.9 270.15 2471.32
79.3088 275.074 2456.23
-233.898 -21.0368 2471.3
128.418 -9.15744 2416.35
-77.1162 339.976 2478.32
-175.784 114.6 2495
29.5558 117.828 2487.22
-176.196 -312.392 2621.43
40.6609 -326.601 2512.87
-182.354 -777.509 2470.36
12.4157 -719.605 2390.07
-90.919 775.754 2450.41
-82.8118 563.777 2464.57
-235.455 561.543 2473.47
69.8312 566.011 2455.66
-235.455 270.356 2473.47
75.952 274.902 2452.87
-235.453 -20.8308 2473.46
120.476 -10.6447 2417.23
-78.7811 340.02 2477.52
-177.265 114.763 2496.45
27.7644 117.764 2484.49
-170.885 -313.309 2618.8
46.2014 -326.093 2514.38
-176.487 -778.053 2468.41
19.7386 -716.864 2392.41
-94.7385 776.048 2451.18
-87.1926 564.017 2464.94
-239.493 562.466 2478.45
65.1077 565.568 2451.43
-239.493 271.279 2478.45
70.0075 274.431 2449.2
-239.492 -19.9075 2478.43
110.336 -12.1833 2417.33
-83.7907 340.229 2477.59
-182.696 115.4 2499.32
21.9186 117.484 2481.17
-174.795 -312.279 2623.09
42.2522 -326.185 2513.17
-180.38 -777.219 2471.4
15.3885 -718.928 2391.8
-94.8796 777.672 2455.25
-88.1683 565.508 2467.01
-240.289 564.56 2482.72
63.952 566.457 2451.29
-240.289 273.373 2482.72
67.8736 275.302 2449.51
-240.288 -17.8137 2482.7
104.372 -12.1788 2421.01
-85.6753 341.602 2477.62
-185.332 117.059 2498.79
18.9676 118.332 2477.69
-170.254 -312.013 2616.66
43.7415 -324.558 2516.13
-179.623 -776.519 2469.27
21.2062 -715.729 2391.61
-94.2199 777.199 2454.39
-89.4143 565.043 2467.16
-241.229 565.725 2485.56
62.4004 564.362 2448.77
-241.229 274.538 2485.56
65.5387 273.195 2447.35
-241.228 -16.6488 2485.54
98.5472 -14.988 2421.84
-88.9949 341.189 2478.92
-190.551 117.793 2503.03
13.3999 116.877 2478.32
-172.632 -310.889 2622.11
42.6196 -325.49 2519.75
-183.656 -778.109 2475.15
16.9951 -719.512 2394.21
-93.9734 776.93 2453.58
-89.8033 564.78 2466.88
-241.482 566.052 2486.43
61.8755 563.509 2447.32
-241.482 274.865 2486.43
64.3867 272.335 2446.18
-241.481 -16.3218 2486.42
94.2209 -16.4179 2423.35
-90.085 340.955 2479.24
-192.245 117.984 2504.75
11.5114 116.276 2478.47
-170.097 -311.584 2619.84
46.2651 -325.73 2519.54
-179.439 -777.987 2473.2
21.8867 -718.879 2391.96
-96.1394 776.817 2448.32
-91.4674 564.887 2464.38
-243.084 566.11 2484.47
60.1496 563.665 2444.28
-243.085 274.923 2484.47
62.1593 272.487 2443.38
-243.084 -16.2638 2484.46
89.1105 -16.7277 2422.92
-91.241 341.253 2479.69
-192.865 118.44 2508.5
10.8362 116.798 2481.5
-167.822 -308.89 2630.95
47.9013 -325.071 2522.38
-178.481 -778.884 2473.53
22.1886 -718.866 2397.48
-97.7905 776.373 2453.51
-92.433 564.292 2467.07
-243.96 564.831 2487.92
59.094 563.754 2446.22
-243.96 273.645 2487.92
60.7019 272.572 2445.5
-243.959 -17.5422 2487.91
85.0377 -17.0164 2427.17
-91.481 340.495 2479.77
-192.327 117.06 2506.48
11.2687 116.336 2478.47
-166 -312.951 2618.57
49.0576 -325.563 2518.57
-178.391 -780.808 2464.44
23.8587 -717.409 2391.25
-100.981 776.519 2453.44
-94.2019 564.478 2467.2
-245.849 563.958 2487.16
57.4456 564.998 2447.24
-245.85 272.771 2487.16
58.7317 273.815 2446.66
-245.849 -18.4159 2487.15
80.6974 -16.0773 2430.23
-91.7392 340.698 2480.08
-191.16 116.568 2506.37
12.6068 117.267 2479.55
-166.52 -313.195 2620.12
48.4303 -324.773 2519.97
-176.787 -780.963 2464.65
23.0645 -717.305 2394.25
-102.046 776.438 2455.32
-94.5184 564.371 2468.45
-246.16 563.261 2488.45
57.1227 565.481 2448.44
-246.16 272.075 2488.45
58.1513 274.296 2447.98
-246.159 -19.1121 2488.44
77.9708 -15.8416 2433.25
-91.2681 340.562 2480.67
-189.895 116.007 2506.33
13.8595 117.498 2479.45
-166.643 -314.647 2617.11
49.3699 -324.763 2517.71
-176.7 -782.549 2464.38
22.1326 -719.14 2393.03
-99.6808 777.387 2456.66
-93.0299 565.255 2469.3
-244.798 564.669 2488.32
58.7383 565.84 2450.28
-244.799 273.483 2488.32
59.5623 274.655 2449.91
-244.798 -17.7041 2488.31
77.4402 -15.6822 2436.7
-90.7023 341.404 2480.98
-190.343 117.159 2505.45
13.5935 117.946 2479.89
-166.911 -312.413 2620.36
46.7553 -324.662 2516.15
-178.911 -781.592 2463.37
21.186 -720.986 2394.04
-99.5174 779.212 2463.2
-92.2942 566.991 2473.74
-244.265 565.72 2490.93
59.677 568.262 2456.55
-244.266 274.533 2490.93
60.3371 277.076 2456.25
-244.265 -16.6533 2490.93
76.4593 -13.4227 2444.4
-89.3576 343.048 2483.15
-188.532 118.252 2504.1
15.6905 119.959 2481
-164.483 -311.588 2617.97
49.7791 -322.145 2522.01
-176.921 -782.03 2460.32
24.3272 -715.453 2394.95
-99.3963 780.716 2467.56
-91.096 568.453 2476.31
-243.373 566.118 2490.14
61.1814 570.787 2462.48
-243.374 274.931 2490.14
61.7101 279.601 2462.24
-243.373 -16.2554 2490.14
76.2458 -11.0283 2451.6
-86.9908 344.46 2483.7
-185.213 118.899 2500.38
19.4418 122.036 2481.79
-162.308 -309.202 2620.71
51.787 -320.188 2523.08
-176.553 -782.172 2455.63
25.37 -718.902 2392.23
-97.6626 783.11 2482.65
-89.2889 570.757 2486.97
-241.817 568.036 2497.13
63.2393 573.478 2476.81
-241.817 276.849 2497.13
63.6614 282.292 2476.62
-241.817 -14.3373 2497.13
76.7641 -8.44321 2467.07
-85.1173 346.695 2489.59
-183.441 120.805 2499.04
21.5494 124.462 2485.38
-164.092 -305.713 2625.37
48.667 -318.159 2525.95
-177.188 -781.262 2460.34
24.431 -721.303 2394.3
-101.451 776.211 2486.79
-90.8211 563.931 2490.28
-243.486 559.464 2497.54
61.8437 568.399 2483.02
-243.486 268.277 2497.54
60.1828 360.024 2357.95
-243.486 -22.9096 2497.54
47.6058 167.158 2162.46
-84.1878 339.902 2491.91
-180.12 112.871 2498.41
25.0109 118.874 2488.65
-163.92 -315.281 2619.55
49.2006 -324.457 2522.23
-173.704 -790.8 2462.21
24.5823 -726.181 2395.12
-101.608 772.755 2484.02
-90.776 560.518 2489.34
-243.579 555.827 2493.13
62.0268 565.209 2485.55
-243.579 264.641 2493.13
32.4399 397.65 2279.75
-243.579 -26.546 2493.13
-15.3814 341.903 2011.98
-83.8131 336.497 2492.81
-179.493 109.324 2498.82
25.7929 115.626 2493.73
-166.186 -318.485 2621.64
48.6563 -327.986 2524.9
-177.859 -786.738 2461.81
20.3589 -725.296 2395.98
-93.8131 774.262 2455.76
-87.3685 563.234 2473.85
-240.337 561.47 2474.28
65.6 564.998 2473.43
-240.337 270.283 2474.28
2.53733 435.338 2234.93
-240.337 -20.9035 2474.28
-58.108 493.876 1965.82
-84.7457 339.896 2490.78
-184.837 115.375 2507.99
20.5909 117.744 2507.42
-171.475 -310.301 2637.89
41.1739 -326.286 2533.77
-184.042 -776.796 2469.88
15.1335 -719.676 2404.16
-88.0347 774.3 2435.73
-83.2838 564.155 2462.84
-236.267 563.435 2461.48
69.6991 564.875 2464.2
-236.267 272.248 2461.48
-80.0917 521.876 2212.76
-236.267 -18.9388 2461.48
-67.7288 768.83 2073.97
-82.4721 341.72 2489.24
-184.358 118.802 2514.72
21.0371 119.769 2516.54
-166.503 -307.604 2641.68
48.2594 -324.273 2530.31
-177.75 -779.44 2469.31
19.7702 -720.954 2399.97
-83.2067 776.031 2432.88
-80.4499 565.929 2462.87
-233.361 567.23 2464.96
72.4617 564.629 2460.78
-233.362 276.043 2464.96
-67.0843 516.756 2183.36
-233.362 -15.1434 2464.95
-69.8389 725.085 2003.91
-81.9367 343.826 2492.33
-186.138 122.597 2523.2
19.2911 120.85 2520.4
-168.77 -307.223 2637.56
48.2739 -323.204 2534.21
-180.311 -778.975 2471.43
16.4317 -725.296 2394.4
-89.2739 776.505 2445
-86.5448 565.992 2473.25
-239.335 567.835 2479.48
66.2455 564.149 2467.02
-239.335 276.648 2479.48
-60.613 522.15 2131.23
-239.335 -14.5385 2479.48
-71.2869 695.549 1908.23
-88.095 343.606 2501.01
-192.266 122.457 2532.96
12.9759 119.981 2524.59
-173.116 -306.816 2649.49
41.5397 -324.236 2535.52
-184.968 -783.289 2472.82
11.2505 -727.289 2393.04
-87.9128 744.446 2462.39
-85.9159 533.2 2482.59
-238.261 535.787 2495.99
66.4295 530.614 2469.2
-238.262 244.6 2495.99
-65.1965 524.208 2154.96
-238.261 -46.5867 2495.99
-70.2636 644.147 1896.7
-87.9939 309.921 2502.08
-192.392 88.379 2530.56
12.2487 84.9046 2512.56
-167.369 -335.008 2631.5
45.9881 -347.643 2523.53
-180.84 -807.821 2465.25
17.8639 -751.738 2381.61
-95.039 711.586 2473.68
-88.9413 499.99 2489.63
-240.932 499.721 2506.67
63.0491 500.26 2472.59
-240.932 208.534 2506.67
-56.6936 494.83 2135.65
-240.932 -82.6527 2506.67
-69.945 581.607 1864.23
-86.8442 276.384 2504.8
-186.773 52.5964 2531.41
17.2789 52.9583 2508.53
-161.672 -376.853 2626.68
50.3173 -385.394 2515.66
-174.653 -815.462 2462.21
27.1108 -752.267 2387.82
-100.063 700.356 2449.83
-92.039 490.053 2475.78
-244.301 488.933 2490.58
60.2234 491.173 2460.98
-244.302 197.747 2490.58
-53.9863 464.73 2098.89
-244.302 -93.4402 2490.57
-70.8688 558.779 1819
-87.9104 267.512 2501.42
-185.973 44.2187 2536.99
18.4092 45.7217 2517.13
-166.679 -387.724 2633.14
47.0799 -395.782 2523.07
-178.726 -789.997 2469.37
23.7012 -729.72 2399.1
-90.2795 729.742 2401.36
-88.1946 523.752 2447.39
-236.902 532.614 2477.02
60.5129 514.89 2417.75
-236.902 241.428 2477.02
-55.8156 452.749 2040.66
-236.902 -49.7591 2477.02
-67.266 573.794 1757.01
-91.925 305.554 2493.92
-197.002 93.3952 2560.66
5.6912 81.3155 2520.27
-170.787 -366.737 2659.37
38.6718 -376.945 2525.41
-187.24 -763.196 2474.98
15.4163 -706.328 2393.65
-80.7854 741.829 2373.52
-84.7363 538.024 2429.58
-232.114 553.957 2464.18
62.6418 522.091 2394.99
-232.115 262.77 2464.18
-70.173 434.882 2083.89
-232.115 -28.4163 2464.18
-69.1422 556.421 1794.14
-94.5723 322.373 2487
-203.992 117.487 2567.79
-4.82423 95.9556 2521.04
-172.193 -328.665 2667.55
40.6564 -353.46 2538.34
-187.269 -772.401 2463.3
16.2904 -724.415 2387.31
-76.5933 745.438 2347.93
-81.468 543.816 2412.25
-230.539 559.7 2440.82
67.603 527.932 2383.68
-230.539 268.513 2440.82
-73.6578 423.38 2078.93
-230.539 -22.6739 2440.82
-70.3465 547.508 1785.32
-91.4972 330.367 2478.59
-201.9 127.614 2564.16
-1.15329 106.223 2525.68
-163.982 -315.365 2641.26
51.2263 -339.173 2533.54
-178.698 -779.015 2455.15
28.6527 -726.021 2389.93
-77.6912 738.202 2348.96
-83.8679 536.202 2413.5
-232.407 553.83 2444.56
64.6707 518.574 2382.44
-232.407 262.644 2444.56
-66.7958 440.174 2031.21
-232.407 -28.5432 2444.56
-69.0638 570.42 1736.3
-95.2421 322.731 2480.26
-206.416 121.104 2567.88
-6.81661 97.4165 2526.14
-170.32 -319.813 2640.21
42.4005 -346.76 2529.77
-185.294 -793.359 2465.4
18.4903 -736.903 2388.39
-75.5811 737.974 2343.08
-82.5604 536.488 2409.8
-231.599 554.384 2438.7
66.4781 518.591 2380.9
-231.599 263.197 2438.7
-72.4524 431.28 2078.39
-231.599 -27.9895 2438.7
-69.6634 555.355 1782.08
-94.7191 323.687 2478.88
-207.003 122.91 2567.37
-6.75274 98.8643 2528.54
-167.489 -317.628 2629.75
46.6103 -344.019 2527.98
-181.924 -784.848 2458.52
24.498 -723.307 2391.1
-76.8551 733.113 2342.26
-82.2748 531.583 2409.38
-231.788 547.952 2436.93
67.238 515.214 2381.84
-231.788 256.765 2436.93
-72.2459 428.06 2078.33
-231.788 -34.4213 2436.93
-70.4586 547.588 1780.5
-92.7743 318.767 2478.85
-203.714 116.948 2566.83
-2.83378 94.9549 2529.82
-162.413 -321.716 2635.74
52.6728 -347.279 2531.24
-177.905 -791.003 2460.23
28.1066 -728.014 2390.38
-77.6204 731.127 2337.65
-81.766 530.024 2406.29
-231.947 544.746 2431.09
68.4148 515.302 2381.48
-231.947 253.56 2431.09
-65.6548 439.42 2029.24
-231.947 -37.6271 2431.09
-69.1085 570.813 1735.75
-90.8625 317.614 2477.28
-200.849 115.093 2564.93
0.93151 95.3127 2531.6
-162.18 -324.544 2626.29
49.7013 -347.469 2529.86
-180.257 -786.593 2462.71
27.3285 -725.915 2389.06
-77.3321 739.37 2340.55
-82.6755 538.082 2408.67
-232.009 554.794 2437.03
66.6576 521.369 2380.3
-232.009 263.608 2437.03
-67.4921 425.672 2075.21
-232.009 -27.579 2437.03
-68.2926 554.524 1781.29
-93.0587 325.568 2479.22
-203.761 124.281 2568.82
-3.12267 101.826 2530.71
-167.103 -314.108 2638.35
43.5081 -341.121 2529.12
-186.494 -774.897 2467.42
20.229 -715.857 2387.98
-70.1681 738.792 2341.02
-77.5491 537.331 2408.46
-226.529 555.745 2437.71
71.4309 518.916 2379.22
-226.529 264.559 2437.71
-65.2271 425.33 2077.8
-226.529 -26.6281 2437.71
-69.7001 547.815 1780.35
-90.1138 324.709 2478.34
-202.734 124.455 2567.85
-2.62255 99.7197 2528.57
-163.143 -312.527 2643.85
47.6369 -342.79 2528.24
-182.311 -783.585 2460.52
23.6212 -727.018 2385.52
-72.8677 747.197 2341.14
-80.8275 545.888 2409.05
-228.226 566.623 2443.91
66.5713 525.154 2374.19
-228.227 275.436 2443.91
-64.4948 441.188 2056.21
-228.226 -15.7506 2443.91
-68.2225 558.435 1756.93
-94.0217 333.522 2479.58
-206.268 135.089 2573.53
-8.16324 107.222 2526.68
-167.807 -302.609 2645.91
39.8888 -335.516 2524.82
-187.223 -773.468 2463.14
17.9441 -716.174 2385.67
-77.0768 751.263 2345.88
-85.7773 549.355 2411.83
-231.801 571.633 2451.29
60.2464 527.077 2372.37
-231.801 280.447 2451.29
-64.1567 452.125 2006.49
-231.801 -10.7403 2451.29
-64.9049 587.715 1709.81
-99.7224 336.4 2480.45
-211.721 138.404 2575.57
-15.6139 108.485 2522.57
-170.204 -300.548 2637.08
36.6795 -333.725 2525.25
-188.933 -781.439 2460.51
15.8073 -727.289 2383.38
-80.9473 756.81 2345.99
-88.0737 554.927 2412.25
-234.061 576.405 2452.4
57.9139 533.449 2372.09
-234.062 285.218 2452.4
-69.9976 434.32 2063.55
-234.062 -5.9687 2452.4
-65.8594 566.875 1768.8
-100.422 341.998 2481.24
-210.777 143.487 2577.19
-14.7651 114.65 2523.27
-163.768 -296.084 2629.2
44.5786 -326.582 2529.61
-182.784 -779.019 2463.06
25.9304 -719.357 2388.17
-82.1046 756.865 2346.19
-88.403 554.922 2412.39
-234.835 575.462 2451.46
58.029 534.382 2373.32
-234.835 284.275 2451.46
-69.4725 432.643 2067.57
-234.835 -6.91135 2451.46
-67.8587 563.871 1771.18
-99.8992 341.914 2481.29
-209.74 142.7 2576.42
-13.051 115.11 2523.94
-163.693 -296.869 2630.18
44.5445 -326.324 2533.61
-181.812 -786.06 2462.17
26.1691 -724.005 2389.16
-79.3272 755.366 2350.4
-88.9606 553.15 2415.21
-235.049 575.836 2454.4
57.1278 530.464 2376.02
-235.049 284.649 2454.4
-64.1608 449.393 2028.11
-235.049 -6.53792 2454.4
-62.4293 588.913 1738.95
-103.982 339.909 2482.65
-217.135 141.907 2576.42
-20.8704 111.43 2523.77
-173.076 -297.891 2630.4
33.7036 -330.463 2528.22
-190.358 -786.143 2464.7
15.3752 -729.128 2387.3
-86.9158 761.397 2352.19
-92.9577 558.942 2416.63
-239.678 578.696 2455.01
53.7626 539.188 2378.25
-239.678 287.509 2455.01
-72.1089 434.783 2078.16
-239.678 -3.6777 2455.01
-64.2205 574.325 1790.69
-104.19 345.337 2483.63
-213.989 145.002 2576.41
-16.8546 118.46 2524.84
-161.27 -293.453 2632.97
47.3701 -322.067 2528.63
-180.902 -781.313 2462.55
28.0598 -716.429 2389.53
-85.0976 756.076 2352.49
-90.7362 553.322 2416.13
-236.962 573.169 2456.34
55.4899 533.475 2375.93
-236.962 281.982 2456.34
-63.5155 431.378 2074.93
-236.962 -9.20485 2456.34
-63.758 582.466 1795.21
-101.553 339.445 2482.37
-210.592 138.899 2575.61
-14.1459 112.237 2521.59
-162.014 -300.273 2630.6
45.8655 -328.942 2524.53
-179.167 -790.542 2463.68
26.2131 -731.694 2385.19
-77.8315 752.785 2347.99
-85.8541 550.492 2412.82
-231.988 572.154 2452.42
60.2799 528.83 2373.22
-231.988 280.968 2452.42
-68.9958 429.579 2096.88
-231.988 -10.2192 2452.42
-66.3579 587.667 1821.72
-99.1923 337.15 2480.3
-210.701 138.36 2574.38
-14.3605 109.256 2521.17
-166.152 -301.465 2627.71
42.8668 -332.323 2525.01
-182.407 -785.976 2460.23
23.4947 -726.933 2387.52
-72.3364 750.536 2350.69
-80.5629 548.192 2415.41
-225.73 570.843 2457.87
64.6047 525.54 2372.94
-225.731 279.657 2457.87
-65.4132 436.324 2088.33
-225.731 -11.5301 2457.87
-68.7479 623.893 1839.14
-94.1232 334.847 2482.86
-205.214 136.721 2578.83
-10.1524 106.284 2521.78
-159.584 -302.183 2638.36
49.129 -334.979 2529.5
-177.718 -786.076 2462.42
27.0076 -728.169 2387.81
-82.6944 749.575 2341.39
-85.9528 548.554 2409.89
-234.272 564.977 2442.77
62.3667 532.132 2377.01
-234.273 273.79 2442.77
-71.6784 453.026 2094.53
-234.272 -17.3963 2442.77
-70.5984 659.783 1862.77
-93.774 336.017 2480.76
-201.318 134.522 2573.74
-1.87241 112.439 2529.53
-161.546 -305.652 2627.53
55.9474 -329.03 2537.82
-178.765 -786.129 2457.12
30.6472 -719.66 2393.07
-86.645 749.051 2347.62
-87.4063 547.219 2414.04
-236.83 560.404 2443.27
62.0177 534.034 2384.8
-236.831 269.217 2443.27
-75.7641 466.986 2092.68
-236.83 -21.9699 2443.27
-71.7495 697.727 1887.23
-92.8032 333.897 2482.66
-198.366 129.414 2570.87
1.96528 111.737 2531.68
-163.102 -310.478 2629.9
55.0773 -330.323 2539.29
-179.032 -789.352 2459.84
25.929 -727.597 2387.39
-75.1189 746.987 2378.09
-83.2891 542.899 2434.13
-229.794 561.927 2473.5
63.216 523.871 2394.75
-229.795 270.74 2473.5
-73.46 491.311 2093.15
-229.794 -20.4466 2473.5
-71.7607 754.136 1940.28
-95.8265 326.717 2491.94
-206.633 123.298 2576.17
-10.0946 97.7718 2523.34
-175.141 -316.862 2635.63
36.6802 -344.976 2523.23
-188.055 -790.998 2471.3
9.69204 -743.61 2377.51
-77.8871 738.316 2400.83
-86.3096 532.022 2448.58
-231.767 550.614 2492.07
59.1477 513.431 2405.09
-231.767 259.427 2492.07
-73.2288 523.125 2095.71
-231.767 -31.7596 2492.07
-71.1005 805.408 1980.64
-99.4286 313.824 2497.98
-209.875 108.066 2576.48
-15.2205 83.1862 2518.27
-168.067 -331.395 2634.05
41.7288 -358.271 2522.69
-185.067 -801.122 2464.23
20.339 -743.311 2382.88
-78.1589 735.181 2420.96
-86.2802 527.196 2461.46
-230.781 544.733 2508.51
58.2204 509.659 2414.42
-230.781 253.547 2508.51
-75.544 561.662 2109.02
-230.781 -37.6401 2508.5
-68.0457 854.981 2018.97
-99.293 307.442 2503.42
-209.147 99.4417 2576.9
-15.4642 75.9356 2513.85
-163.355 -339.733 2634.11
45.2321 -365.075 2520.59
-181.851 -792.911 2463.96
25.276 -734.995 2383.78
-71.2364 741.5 2436.36
-81.5701 532.326 2470.32
-226.225 549.935 2516.81
63.0845 514.716 2423.82
-226.225 258.749 2516.81
-82.2302 597.392 2135.03
-226.225 -32.4381 2516.81
-57.1287 890.247 2040.74
-97.1712 311.569 2505.39
-209.815 102.625 2571.65
-15.7295 78.998 2509.27
-166.193 -336.683 2629.86
47.0233 -361.694 2519.74
-181.409 -779.254 2460.17
25.0183 -725.184 2384.16
-66.6081 755.696 2445.45
-76.2652 545.632 2475.05
-223.182 560.923 2514.12
70.6517 530.342 2435.97
-223.182 269.736 2514.12
-94.7666 628.303 2168.6
-223.182 -21.4507 2514.12
-38.6871 911.527 2061.05
-91.3001 324.133 2505.19
-205.079 112.911 2561.6
-7.59081 92.357 2509.08
-161.328 -324.674 2630.8
56.4578 -347.728 2529.49
-174.684 -771.238 2453.25
33.6759 -713.049 2389.79
-63.898 764.845 2454.83
-73.4513 554.089 2479.76
-221.777 567.921 2513.67
74.8746 540.256 2445.85
-221.778 276.734 2513.67
-130.201 646.619 2201.3
-221.777 -14.4523 2513.67
-20.3963 906.106 2086.89
-88.4369 331.954 2504.82
-203.02 119.107 2552.65
-3.82511 100.531 2507.12
-161.769 -315.26 2639.55
51.8352 -340.662 2528.13
-179.464 -776.323 2449.82
27.4963 -716.212 2386.54
-66.6287 767.064 2464.71
-74.6911 555.7 2484.74
-224.244 567.276 2513.73
74.862 544.125 2455.75
-224.245 276.089 2513.73
-178.335 662.705 2220.47
-224.244 -15.0977 2513.73
-9.1858 892.617 2129.05
-88.1138 332.93 2504.44
-201.984 117.935 2543.62
-1.08891 102.386 2504.67
-166.89 -316.614 2633.17
48.6391 -339.664 2523.05
-179.293 -783.213 2451.91
26.8878 -724.026 2386.37
-74.4152 771.282 2473.14
-76.912 559.443 2488.07
-228.195 565.632 2506.62
74.3708 553.254 2469.52
-228.195 274.445 2506.62
-200.415 705.247 2240.95
-228.195 -16.7415 2506.62
16.7068 883.597 2197.19
-84.3782 336.026 2501.72
-193.622 116.773 2527.84
9.93292 108.446 2502.88
-159.606 -318.449 2615.17
57.8568 -333.725 2524.14
-172.933 -783.967 2443.24
34.9651 -717.093 2389.12
-78.9523 775.564 2479.56
-77.3993 563.439 2490.56
-229.576 565.963 2501.11
74.7776 560.915 2480
-229.576 274.777 2501.11
-199.126 739.932 2259.06
-229.576 -16.4102 2501.11
45.2302 878.289 2245.41
-80.4687 339.668 2499.82
-185.666 117.592 2516.17
18.5902 114.204 2502.01
-158.394 -313.619 2621.91
54.5716 -328.972 2523.34
-174.646 -782.42 2448.22
32.1516 -718.018 2389.31
-83.3177 779.226 2481.84
-78.6524 566.977 2490.32
-231.162 567.027 2498.55
73.8572 566.926 2482.09
-231.162 275.84 2498.55
-194.143 774.707 2286.61
-231.162 -15.3463 2498.55
73.632 871.641 2292.4
-78.3645 343.026 2497.02
-180.335 119.108 2509.25
24.182 119.041 2498.21
-160.231 -310.649 2622.78
51.1966 -324.833 2518.39
-175.943 -781.909 2455.93
29.0885 -718.76 2387.68
-87.5709 779.328 2480.64
-79.9618 567.048 2488.36
-232.48 564.838 2496.13
72.556 569.259 2480.59
-232.48 273.651 2496.13
-151.359 608.56 2298.64
-232.48 -17.5356 2496.13
126.354 672.955 2357.95
-76.4092 343.106 2494.39
-175.277 117.68 2505.64
29.5637 120.648 2495.2
-159.512 -311.782 2621.6
52.5701 -322.971 2523.99
-176.44 -783.911 2462.81
28.4743 -721.95 2388.71
-94.6431 779.595 2478.85
-83.8765 567.416 2486.71
-236.326 562.904 2494.82
68.5729 571.929 2478.6
-236.326 271.717 2494.82
-147.896 512.592 2293.1
-236.326 -19.4697 2494.82
124.183 537.531 2393.8
-76.9169 343.561 2492.98
-172.423 116.673 2504.7
32.5087 122.739 2493.8
-162.988 -312.312 2623.31
48.9103 -320.999 2525.72
-176.861 -781.96 2464.79
25.9984 -720.904 2388.47
-95.5065 780.071 2476.48
-85.3763 567.804 2484.62
-237.815 563.758 2493.17
67.0621 571.85 2476.07
-237.815 272.571 2493.17
-126.52 437.885 2304.69
-237.815 -18.6156 2493.17
133.269 422.451 2435.31
-79.0642 343.939 2491.22
-175.257 117.354 2503.58
29.7525 122.795 2492.08
-169.866 -311.961 2621.48
43.7183 -321.003 2525.27
-180.156 -779.509 2464.26
17.8046 -724.656 2389.24
-96.5609 779.962 2474.47
-86.0796 567.683 2482.79
-238.431 563.435 2492.68
66.2721 571.932 2472.9
-238.432 272.248 2492.68
-99.328 385.126 2323
-238.431 -18.9386 2492.68
143.997 330.913 2473.48
-79.3923 343.837 2489.65
-175.185 117.134 2503.16
29.7754 122.849 2489.86
-166.755 -311.506 2623.45
49.0001 -320.757 2523.15
-177.065 -780.504 2465.3
19.8063 -721.493 2389.28
-92.2662 779.256 2470.35
-83.5897 566.97 2480.19
-235.959 564.094 2490.3
68.7799 569.846 2470.09
-235.96 272.907 2490.3
-69.1934 347.039 2343.16
-235.959 -18.2798 2490.3
155.428 257.119 2505.18
-78.8027 343.131 2488.67
-176.522 117.357 2503.94
28.4907 121.227 2490.35
-166.16 -310.498 2626.92
48.4289 -322.382 2523.68
-180.387 -780.608 2464.66
18.1311 -721.584 2393.26
-90.2703 779.118 2463.6
-82.7386 566.959 2476.26
-235.047 565.115 2487.47
69.57 568.803 2465.05
-235.047 273.928 2487.47
-43.5575 322.036 2359.71
-235.047 -17.2586 2487.47
161.536 200.198 2526.69
-79.1854 343.231 2487.74
-178.104 118.262 2506.75
26.8399 120.744 2491.67
-165.863 -310.185 2627.52
47.9419 -322.761 2525.89
-180.601 -781.213 2468.28
20.5632 -719.666 2394.24
-88.1708 778.304 2458.43
-81.7948 566.241 2473.23
-234.155 565.279 2483.82
70.5658 567.202 2462.64
-234.156 274.092 2483.82
-21.2828 304.715 2376.3
-234.155 -17.0945 2483.82
164.439 154.964 2543.25
-79.429 342.624 2486.96
-179.573 118.361 2507.81
25.4465 119.655 2493.56
-165.112 -310.411 2627.21
47.072 -323.974 2525.87
-181.482 -783.677 2463.84
21.71 -721.387 2395.88
-92.4979 779.242 2456.12
-84.3713 567.291 2471.84
-236.656 565.186 2483.32
67.9136 569.397 2460.36
-236.657 273.999 2483.32
-6.20929 296.69 2390.17
-236.656 -17.1879 2483.32
160.933 122.926 2553.45
-80.1704 343.766 2486.57
-178.432 118.823 2509.01
26.493 121.657 2493.57
-162.252 -310.117 2627.61
47.8751 -322.207 2522.58
-178.856 -783.124 2463.15
24.603 -718.35 2393.56
-94.3085 779.385 2463.28
-85.4447 567.276 2475.74
-237.756 564.44 2486.69
66.8671 570.112 2464.79
-237.757 273.254 2486.69
7.27 290.798 2408.03
-237.757 -17.9331 2486.69
157.004 96.6335 2565.09
-80.4689 343.566 2487.01
-177.973 117.947 2505.65
26.9874 121.764 2490.91
-165.151 -310.679 2625.76
48.3757 -322.013 2521.34
-177.525 -785.367 2456.66
22.2917 -723.764 2389.67
-90.3018 779.053 2460.87
-82.5924 566.992 2475.12
-235.113 564.821 2482.83
69.9284 569.164 2467.4
-235.114 273.634 2482.83
22.1182 285.595 2421.66
-235.113 -17.5527 2482.83
155.814 74.2666 2570.84
-78.7462 343.359 2488.2
-177.524 118.263 2506.47
27.7239 121.186 2496.09
-165.749 -310.23 2627.2
50.4915 -322.338 2529.04
-178.527 -783.148 2461.36
23.6441 -721.726 2397.86
-88.6982 779.811 2462.54
-81.4063 567.701 2476.69
-233.977 565.771 2483.43
71.1642 569.63 2469.96
-233.977 274.584 2483.43
32.8614 283.327 2433.18
-233.977 -16.6026 2483.43
151.957 57.6688 2573.48
-78.0057 344.052 2489.64
-177.241 119.105 2507.13
28.0313 121.702 2498.06
-166.483 -309.034 2629.21
47.3132 -322.326 2525.43
-178.201 -782.578 2458.98
23.3107 -719.263 2395.87
-90.6407 778.18 2467.26
-83.7398 565.941 2479.56
-236.149 564.394 2489.36
68.6695 567.488 2469.77
-236.149 273.207 2489.36
38.008 279.43 2440.24
-236.149 -17.9793 2489.36
143.932 41.8802 2571.16
-80.7576 342.186 2490.63
-180.315 117.39 2508.28
24.7639 119.471 2495.11
-168.491 -309.747 2633.7
46.0222 -324.293 2525.36
-182.286 -785.113 2460.86
19.22 -723.308 2391.54
-92.0885 780.907 2472.38
-85.0491 568.587 2483.21
-237.343 566.965 2494.65
67.2445 570.209 2471.77
-237.343 275.778 2494.65
42.7108 281.025 2448.09
-237.343 -15.4086 2494.65
136.829 33.6538 2569.49
-81.9471 344.764 2492.77
-181.294 119.85 2510.03
23.6033 122.032 2494.64
-167.53 -311.145 2620.14
47.8531 -321.527 2525.79
-180.577 -780.925 2465.12
22.1288 -717.682 2394.3
-94.9939 781.895 2478.27
-88.036 569.483 2487.03
-240.005 567.951 2502.2
63.9328 571.014 2471.87
-240.005 276.764 2502.2
44.3072 281.11 2452.89
-240.005 -14.4224 2502.2
127.892 25.6578 2564.9
-85.032 345.58 2494.52
-184.266 120.647 2512.21
20.2103 122.708 2491.81
-168.104 -308.565 2629.1
45.93 -320.777 2523.03
-183.239 -783.085 2459.4
18.7549 -720.642 2392.58
-91.9847 782.696 2479.98
-86.4257 570.237 2488.77
-238.364 569.753 2504.31
65.5127 570.72 2473.23
-238.364 278.566 2504.31
49.815 280.355 2458.03
-238.364 -12.6209 2504.31
124.034 18.2735 2560.96
-84.9431 346.32 2496.29
-185.658 122.078 2514.27
18.7368 122.729 2493.37
-167.433 -309.218 2622.97
48.0455 -319.87 2532.1
-180.515 -780.695 2460.18
21.1594 -720.346 2396.78
-94.2445 782.413 2488.16
-87.7512 569.913 2494.42
-239.79 568.563 2508.88
64.2878 571.262 2479.95
-239.79 277.377 2508.88
51.7325 280.601 2467.78
-239.79 -13.8101 2508.88
117.643 13.0957 2562.05
-85.3053 345.93 2499.23
-185.142 121.04 2513.77
19.4233 122.855 2494.31
-164.686 -308.572 2628.73
49.8406 -319.937 2530.28
-179.021 -784.292 2456.59
22.9717 -721.751 2395.08
-96.1283 782.738 2493.46
-88.6486 570.228 2498.7
-240.669 568.105 2513.27
63.3713 572.351 2484.13
-240.669 276.918 2513.27
53.3295 281.501 2474.38
-240.669 -14.269 2513.27
111.879 9.56579 2560.48
-85.1599 346.239 2502.46
-183.949 120.822 2516.02
20.6061 123.679 2496.41
-164.932 -310.33 2625.46
50.264 -319.209 2532.16
-178.075 -783.555 2462.79
23.3278 -721.317 2394.66
-98.6783 780.495 2494.75
-89.7473 568.065 2500.96
-241.911 564.9 2513.73
62.4162 571.229 2488.19
-241.911 273.713 2513.73
54.3844 280.258 2480.38
-241.911 -17.4738 2513.73
106.419 4.71086 2558.84
-84.6942 344.124 2505.67
-182.021 118.054 2518.97
22.7393 122.313 2501.78
-165.058 -312.978 2629.43
49.059 -321.185 2531.62
-175.689 -786.629 2462.74
24.218 -715.629 2404.66
-106.534 771.788 2496.4
-93.1151 559.69 2503.06
-245.374 553.235 2513.18
59.1438 566.145 2492.94
-245.374 262.049 2513.18
52.7197 275.096 2486.7
-245.374 -29.138 2513.18
98.9902 -3.39241 2558.06
-83.2938 335.915 2508.1
-175.912 107.798 2519.94
28.9674 116.483 2506.32
-160.105 -322.809 2632.31
53.6635 -327.424 2531.01
-172.68 -793.878 2462.37
29.8055 -720.157 2402.69
-110.255 762.679 2503.27
-95.2201 550.611 2507.67
-247.532 542.872 2515.92
57.0919 558.35 2499.42
-247.532 251.685 2515.92
51.9536 267.251 2494.42
-247.532 -39.5015 2515.92
93.124 -13.6299 2559.24
-83.7102 326.876 2510.29
-174.643 97.9351 2518.46
30.2431 108.345 2507.36
-164.831 -332.379 2632.52
49.5017 -335.834 2531.98
-178.606 -793.41 2460.69
23.145 -726.541 2395.59
-96.0487 754.501 2502.37
-86.529 542.255 2508.19
-239.131 538.406 2513.17
66.0726 546.105 2503.21
-239.131 247.219 2513.17
61.9627 254.974 2499.21
-239.131 -43.9675 2513.17
98.6193 -27.852 2557.99
-80.7435 318.323 2512.38
-177.608 91.8014 2519.93
27.692 96.98 2513.22
-169.769 -337.925 2636.41
44.8181 -347.47 2534.63
-182.346 -790.118 2465.55
18.3821 -731.768 2398.13
-81.5504 749.611 2491.03
-79.2695 537.798 2503.33
-231.857 539.444 2509.74
73.3184 536.151 2496.92
-231.858 248.257 2509.74
70.0309 245 2493.72
-231.858 -42.9295 2509.74
102.691 -39.4059 2546.97
-81.2242 314.028 2514.27
-185.78 91.3648 2529.53
19.4222 89.1505 2520.91
-174.497 -336.456 2652.41
40.3733 -355.319 2537.66
-188.391 -783.688 2474.73
12.7602 -732.299 2399.39
-77.5855 756.55 2474.92
-79.3722 545.618 2496.07
-231.763 550.805 2504.84
73.0188 540.432 2487.29
-231.763 259.618 2504.84
70.3889 249.268 2484.73
-231.763 -31.5687 2504.84
99.5076 -36.4205 2532.94
-85.7929 322.588 2516.38
-194.648 103.044 2542.59
10.221 96.0712 2530.8
-175.232 -326.185 2659.09
37.289 -348.21 2540.96
-189.557 -771.381 2477.71
10.7582 -720.722 2398.71
-76.6193 760.596 2473.42
-79.3058 549.489 2496.22
-231.494 555.617 2507.54
72.8826 543.36 2484.91
-231.494 264.431 2507.54
70.7793 252.188 2482.86
-231.494 -26.7561 2507.54
96.7582 -34.542 2526.46
-86.6331 326.66 2518.36
-196.273 107.952 2548.11
8.35193 99.7118 2532.9
-166.14 -322.178 2658.5
44.9229 -343.906 2537.93
-184.056 -779.076 2469.96
17.9574 -724.569 2389.54
-58.7142 763.457 2474.04
-67.3774 552.543 2497.38
-219.703 562.309 2502.7
84.9486 542.778 2492.06
-219.704 271.122 2502.7
83.2665 251.6 2490.42
-219.704 -20.0646 2502.7
106.459 -35.9738 2529.83
-80.8437 330.069 2520.18
-196.745 114.161 2546.56
8.12514 101.027 2539.41
-165.295 -318.042 2648.29
46.896 -342.51 2542.32
-182.706 -777.483 2462.24
18.6212 -726.473 2393.3
-53.798 764.854 2464.93
-63.6218 554.36 2492.21
-216.003 564.547 2493.98
88.7593 544.174 2490.44
-216.003 273.36 2493.98
87.4133 252.993 2489.13
-216.003 -17.8269 2493.98
108.132 -35.266 2524.73
-78.1488 332.397 2518.99
-195.073 117.279 2546.97
9.72135 103.588 2544.59
-163.055 -313.734 2653.78
47.2991 -339.991 2538.83
-181.59 -780.975 2461
20.5565 -727.094 2392.26
-48.5198 772.048 2454.23
-59.2009 561.976 2484.84
-211.493 571.512 2478.28
93.0916 552.44 2491.39
-211.494 280.325 2478.28
92.0149 261.257 2490.34
-211.494 -10.862 2478.28
110.534 -27.5576 2522.48
-74.3631 340.472 2514.87
-191.905 125.379 2540.5
12.854 112.557 2549.31
-162.831 -307.682 2639.55
48.2666 -331.023 2535.69
-178.388 -776.648 2457.45
23.0275 -720.092 2392.37
-63.5334 769.703 2426.49
-68.2485 561.576 2466.7
-220.358 564.958 2453.35
83.8607 558.195 2480.06
-220.358 273.771 2453.35
82.9996 267.011 2479.22
-220.358 -17.4158 2453.35
99.562 -22.2538 2508.23
-76.6327 341.239 2506.42
-187.169 123.173 2537.17
17.1354 118.632 2555.1
-161.403 -307.949 2645.06
51.0531 -325.109 2540.66
-175.627 -786.235 2462.24
22.8897 -720.71 2393.74
-72.3578 771.531 2425.91
-72.4541 563.232 2466.86
-224.089 562.441 2448.6
79.1804 564.023 2485.11
-224.089 271.254 2448.6
78.4908 272.837 2484.44
-224.089 -19.9328 2448.6
93.3111 -16.7917 2510.62
-76.1537 342.869 2507.14
-181.604 121.976 2535.17
21.8976 123.037 2559.67
-160.278 -309.4 2643.29
50.8193 -320.98 2542.93
-174.408 -785.133 2459.75
23.8199 -722.099 2392.18
-77.2622 751.596 2411.18
-73.3193 545.055 2459.52
-224.148 539.369 2436.17
77.5095 550.742 2482.87
-224.148 248.182 2436.17
76.9576 259.556 2482.34
-224.148 -43.0046 2436.17
90.2257 -30.3686 2505.94
-72.4951 326.209 2507.49
-172.932 103.545 2539.79
29.5898 111.181 2571.14
-157.272 -327.581 2649.92
52.2864 -333.03 2550.9
-171.208 -802.633 2465.56
27.1438 -736.851 2398.82
-82.9203 751.942 2414.22
-76.4103 545.388 2463.36
-223.741 534.381 2424.63
70.9202 556.395 2502.08
-223.741 243.194 2424.63
70.4802 265.208 2501.65
-223.741 -47.9925 2424.63
82.3642 -24.956 2522.94
-72.7473 326.631 2511.6
-168.002 100.484 2533.84
29.8336 115.264 2585.84
-162.563 -333.967 2629.72
42.9809 -327.875 2548.81
-173.853 -786.465 2457.6
19.1564 -723.333 2403.05
-103.01 755.272 2413.91
-86.6399 549.728 2463.64
-231.933 530.734 2420.56
58.653 568.723 2506.73
-231.933 239.547 2420.56
58.3031 277.537 2506.38
-231.933 -51.6398 2420.56
68.9518 -12.8216 2525.57
-72.5328 331.486 2512.29
-155.502 100.552 2532.15
38.651 125.934 2589.72
-157.059 -329.527 2645.34
54.1342 -315.99 2540.43
-163.832 -782.392 2461.47
26.3016 -716.717 2392.17
-100.721 758.501 2418.68
-83.0673 552.523 2467.47
-225.901 531.51 2417.63
59.7663 573.535 2517.31
-225.901 240.324 2417.63
59.4864 282.348 2517.04
-225.901 -50.8632 2417.63
69.032 -8.16753 2534.34
-67.5895 334.165 2515.17
-147.706 101.744 2529.52
43.483 129.87 2596.23
-163.408 -328.393 2641.73
51.5564 -312.503 2547.92
-166.873 -781.445 2459.6
20.788 -717.746 2397.5
-113.028 756.749 2400.81
-90.8538 552.661 2455
-232.87 526.967 2405.01
51.1625 578.356 2504.98
-232.87 235.78 2405.01
50.9385 287.169 2504.76
-232.87 -55.4063 2405.01
59.4984 -3.47411 2520.35
-70.5233 336.071 2508.57
-145.384 102.259 2528.65
44.9987 136.704 2595.65
-168.282 -327.965 2640.12
48.6868 -304.655 2538.23
-171.425 -781.487 2466.4
16.466 -718.189 2388.98
-123.037 764.344 2405.66
-96.5865 560.061 2457.5
-234.735 530.625 2399.4
41.5621 589.496 2515.6
-234.735 239.439 2399.4
41.3829 298.31 2515.43
-234.735 -51.748 2399.4
49.0615 7.56311 2529.47
-71.7335 343.261 2508.25
-139.614 106.702 2519.99
45.8536 146.219 2597.99
-164.263 -322.522 2635.43
47.5379 -295.483 2542.23
-168.414 -775.326 2457.67
15.8707 -715.309 2392.32
-127.825 761.013 2409.01
-96.9426 556.905 2459.32
-234.877 525.002 2402.02
40.9917 588.807 2516.62
-234.877 233.815 2402.02
40.8484 297.621 2516.48
-234.877 -57.3714 2402.02
47.7385 6.79051 2529.14
-67.3534 340.373 2508.65
-130.278 102.444 2519.55
54.7495 145.239 2596.41
-161.143 -322.764 2647.18
57.3542 -296.327 2539.12
-164.888 -782.492 2468.72
21.0666 -724.576 2388.46
-128.656 752.6 2409.9
-96.078 548.845 2461.06
-231.146 514.598 2398.52
38.9896 583.092 2523.6
-231.146 223.411 2398.52
38.8749 291.906 2523.49
-231.146 -67.776 2398.52
45.0593 1.00767 2534.88
-64.489 332.774 2511.16
-123.625 93.6991 2519.26
57.8246 139.707 2603.27
-165.38 -333.14 2637.79
51.2043 -301.998 2547.91
-167.675 -786.029 2469.54
15.6048 -726.587 2397.46
-124.213 754.486 2406.24
-97.4637 550.748 2460.24
-232.581 519.103 2396.45
37.6539 582.393 2524.03
-232.582 227.916 2396.45
37.5622 291.206 2523.94
-232.581 -63.271 2396.45
43.1144 0.253347 2534.21
-71.9754 334.62 2513.47
-137.246 97.2353 2523.86
44.2718 139.748 2609.55
-187.479 -328.498 2643.49
34.1421 -299.718 2540.1
-186.733 -772.797 2477.6
-0.596082 -720.647 2397.72
-125.358 768.922 2417.7
-97.0196 564.326 2467.69
-231.612 532.825 2402.74
37.5728 595.828 2532.65
-231.612 241.638 2402.74
37.4994 304.641 2532.58
-231.612 -49.549 2402.74
42.4853 13.6442 2541.83
-69.8817 347.394 2516.67
-133.214 109.287 2521.98
47.7261 151.637 2609.3
-171.042 -319.001 2636.7
52.8824 -287.165 2536.02
-167.394 -762.849 2475.88
16.4572 -709.735 2390.64
-128.993 749.646 2386.71
-100.388 549.259 2449.1
-228.966 510.706 2376.24
28.1895 587.812 2521.96
-228.966 219.52 2376.24
28.1308 296.626 2521.9
-228.966 -71.6672 2376.24
32.609 5.5923 2530.23
-71.5662 335.914 2511.13
-129.214 96.6412 2524.16
43.7258 148.496 2622.15
-172.544 -330.198 2642.73
43.474 -291.283 2553.75
-167.122 -787.817 2481.71
10.5632 -727.162 2401.92
-143.706 754.224 2388.77
-108.693 553.473 2447.36
-240.794 513.811 2381.76
23.4086 593.136 2512.96
-240.794 222.624 2381.76
23.3617 301.949 2512.91
-240.794 -68.5629 2381.76
27.3848 10.8869 2520.41
-73.6425 340.052 2505.81
-127.175 100.035 2520.28
49.9901 153.228 2608.26
-175.703 -329.139 2627.65
51.0241 -283.26 2522.42
-167.649 -771.603 2474.9
19.9164 -722.339 2374.21
-151.533 755.565 2387.97
-113.094 554.826 2445.53
-247.098 514.372 2384.43
20.9091 595.28 2506.63
-247.098 223.185 2384.43
20.8715 304.093 2506.6
-247.098 -68.0018 2384.43
24.4864 13.0068 2513.35
-74.8938 341.648 2502.89
-126.582 101.334 2519.26
53.1953 155.607 2601.24
-175.396 -322.135 2646.08
47.7478 -283.532 2530.88
-167.384 -774.786 2476.79
17.1315 -722.481 2382.8
-162.533 771.874 2395.84
-120.372 570.562 2448.75
-256.585 530.045 2392.79
15.8413 611.079 2504.71
-256.585 238.858 2392.79
15.8112 319.892 2504.68
-256.585 -52.3285 2392.79
19.0598 28.7873 2510.76
-78.3948 356.857 2501.3
-127.885 115.945 2516.28
55.0489 170.359 2591.43
-177.668 -308.906 2639.02
44.273 -270.283 2530.85
-171.07 -760.05 2474.18
16.8887 -705.377 2381.3
-166.583 782.344 2414.59
-124.92 579.139 2459.49
-265.805 542.471 2413.29
15.9645 615.808 2505.69
-265.805 251.284 2413.29
15.9405 324.621 2505.66
-265.805 -39.9029 2413.29
18.8603 33.5003 2511.14
-83.2655 363.478 2503.64
-136.249 123.186 2516.75
53.0278 172.449 2578.82
-187.207 -297.696 2651.95
42.8304 -269.969 2533.28
-179.532 -766.246 2476.27
13.763 -718.72 2379.18
-160.213 785.256 2419.32
-122.291 580.606 2461.52
-264.645 547.718 2417.02
20.0632 613.495 2506.03
-264.646 256.531 2417.02
20.044 322.308 2506.01
-264.645 -34.6557 2417.02
22.6686 31.1746 2510.94
-85.035 363.566 2502.74
-143.215 124.477 2514.12
47.657 168.574 2573.8
-187.19 -299.193 2643.16
39.3607 -274.887 2537.74
-177.8 -773.156 2472.74
12.7037 -724.619 2386.61
-141.749 778.568 2413.55
-111.325 573.219 2457.82
-253.65 544.658 2410.33
31.0013 601.78 2505.3
-253.651 253.471 2410.33
30.986 310.593 2505.29
-253.651 -37.7154 2410.33
33.3456 19.4496 2509.73
-82.1238 355.391 2501.31
-148.475 118.388 2512.93
42.6287 156.737 2576.69
-184.154 -306.248 2641.56
36.5451 -287.197 2544.35
-175.808 -780.489 2475.14
11.9111 -728.998 2395.23
-146.852 773.063 2408.39
-115.596 567.858 2453.87
-259.058 539.175 2410.01
27.866 596.541 2497.72
-259.058 247.988 2410.01
27.8537 305.354 2497.71
-259.058 -43.1987 2410.01
29.9753 14.2024 2501.71
-85.7987 350.37 2498.64
-152.367 113.615 2513.95
40.364 152.149 2572.87
-182.699 -312.943 2637.67
36.9849 -290.839 2529.63
-175.096 -779.767 2478.95
14.8327 -723.987 2388.56
-151.404 766.966 2396.26
-119.212 562.732 2445.52
-262.982 532.901 2403.48
24.5582 592.563 2487.57
-262.983 241.714 2403.48
24.5484 301.377 2487.56
-262.982 -49.4729 2403.48
26.4561 10.2182 2491.15
-88.5561 346.23 2494.31
-154.527 109.678 2514.85
38.7266 149.777 2571.36
-179.569 -315.475 2644.49
36.1134 -293.628 2531.37
-174.154 -779.101 2479.01
15.9584 -720.737 2391.32
-155.906 771.725 2410.01
-122.744 566.65 2454.96
-265.265 536.59 2409.01
19.7774 596.71 2500.91
-265.265 245.404 2409.01
19.7696 305.524 2500.9
-265.265 -45.7831 2409.01
21.4852 14.3599 2504.14
-91.1149 349.284 2499.06
-155.32 111.704 2512.26
36.3483 152.13 2574.05
-179.639 -313.889 2640.85
39.5503 -291.967 2543.9
-172.686 -773.258 2474.64
14.4755 -718.022 2394.78
-164.16 769.239 2406.66
-127.231 564.86 2451.98
-269.233 532.094 2406.27
14.7717 597.626 2497.68
-269.234 240.908 2406.27
14.7654 306.439 2497.68
-269.234 -50.2791 2406.27
16.3084 15.271 2500.59
-91.5537 348.199 2496.46
-151.361 109.506 2510.2
39.6073 153.57 2571.66
-175.576 -315.153 2641.97
43.6424 -290.316 2537.49
-166.463 -777.102 2473.67
19.2505 -722.441 2387.78
-155.174 765.625 2399.74
-118.245 561.893 2448.08
-259.918 528.279 2401.97
23.4281 595.507 2494.19
-259.918 237.092 2401.97
23.4231 304.32 2494.18
-259.918 -54.0943 2401.97
24.8109 13.1488 2496.8
-82.5084 345.917 2495.72
-142.052 107.334 2512.35
48.5085 152.547 2574.38
-170.912 -316.835 2644.77
49.6406 -291.605 2542.96
-161.756 -776.315 2478.67
26.0077 -727.163 2394.43
-144.749 764.32 2415.71
-114.288 558.566 2458.24
-260.768 532.436 2423.77
32.1917 584.696 2492.71
-260.769 241.249 2423.77
32.1877 293.509 2492.7
-260.768 -49.9378 2423.77
33.4359 2.33451 2495.06
-85.0536 340.303 2499.46
-154.355 104.462 2517.49
42.7176 139.617 2563.87
-191.947 -319.882 2646.89
36.2797 -304.435 2532.02
-183.202 -778.115 2482.56
10.3668 -737.183 2381.51
-128.135 779.444 2421.49
-108.853 572.232 2461.11
-260.47 558.304 2449.03
42.7629 586.16 2473.18
-260.47 267.117 2449.03
42.7597 294.973 2473.18
-260.47 -24.0699 2449.03
43.8826 3.79615 2475.31
-91.5737 351.964 2498.2
-175.961 122.357 2527.2
27.3727 141.036 2543.4
-200.533 -304.088 2653.93
27.9292 -303.336 2516.04
-193.206 -758.678 2481.87
1.56237 -720.592 2370.54
-117.896 778.555 2425.18
-102.311 570.21 2462.3
-254.694 560.689 2458.29
50.0725 579.731 2466.3
-254.694 269.502 2458.29
50.07 288.544 2466.3
-254.694 -21.6847 2458.29
51.0799 -2.63449 2468.21
-89.4461 349.38 2497.81
-177.481 122.246 2530.67
24.3175 134.855 2535.97
-180.596 -304.461 2656.67
41.2088 -309.176 2531.88
-177.647 -778.104 2471.59
17.3588 -728.336 2382.4
-116.697 773.257 2421.33
-101.903 564.498 2458
-254.322 555.701 2453.7
50.5158 573.294 2462.29
-254.322 264.514 2453.7
50.5138 282.107 2462.28
-254.322 -26.6723 2453.7
51.4223 -9.07304 2464.01
-90.1619 343.636 2493.69
-179.982 116.912 2526.53
23.1406 128.635 2532.25
-180.216 -312.799 2642.17
38.4239 -315.947 2529.84
-178.72 -784.98 2462.43
19.3291 -730.128 2386.66
-117.311 765.235 2431.03
-105.357 555.669 2464.22
-257.927 549.29 2461.22
47.2127 562.047 2467.23
-257.928 258.103 2461.22
47.2112 270.861 2467.23
-257.927 -33.0834 2461.22
48.0287 -20.3207 2468.78
-96.7338 334.153 2496.6
-190.271 108.366 2526.97
14.0503 116.908 2530.99
-188.919 -321.178 2643.86
31.4998 -327.832 2528
-186.691 -790.536 2463.84
8.01163 -733.865 2390.04
-100.259 766.468 2437.96
-98.3541 556.367 2466.49
-251.08 557.762 2466.75
54.3721 554.972 2466.24
-251.081 266.576 2466.75
54.3708 263.785 2466.23
-251.08 -24.6112 2466.75
55.1063 -27.3972 2467.63
-100.339 334.035 2494
-204.823 112.639 2521.67
0.177316 110.766 2521.33
-190.908 -316.516 2638.83
27.032 -333.52 2517.16
-192.232 -778.447 2457.47
3.72838 -729.433 2382.08
-104.311 771.338 2454.34
-104.178 560.251 2474.91
-256.51 563.589 2485.44
48.1539 556.913 2464.37
-256.511 272.402 2485.44
48.1529 265.727 2464.37
-256.511 -18.785 2485.44
48.8148 -25.4567 2465.62
-107.719 337.093 2494.4
-213.474 116.175 2520.96
-9.0466 111.696 2506.82
-185.239 -309.4 2647.44
32.1896 -331.174 2514.19
-187.606 -779.311 2463.06
9.24221 -724.228 2376.88
-94.5965 773.685 2468.27
-99.1739 562.101 2482.91
-251.23 568.831 2495.6
52.882 555.37 2470.23
-251.23 277.644 2495.6
52.8811 264.184 2470.23
-251.23 -13.5424 2495.6
53.4764 -27.0003 2471.36
-107.948 338.638 2496.3
-218.656 119.688 2518.2
-14.7862 110.664 2501.19
-181.289 -305.237 2645
36.5523 -330.024 2528.68
-184.491 -779.124 2458.59
13.8315 -726.576 2384.58
