27.1465 781.114 1803.55
3.22623 580.296 1786.24
-135.945 593.66 1822.45
142.397 566.933 1750.03
-295.848 590.573 1946.65
420.186 467.235 1713.28
-431.443 421.508 1919.61
593.572 268.433 1599.03
-19.816 385.748 1769.48
-133.865 199.939 1776.39
48.1488 182.462 1729.04
-153.751 -206.653 1797.7
33.7462 -215.324 1641.36
-85.6575 -596.26 1813.29
24.0498 -609.581 1608.75
23.5247 780.766 1801.81
-0.739003 580.024 1784.04
-139.212 593.22 1822.81
137.734 566.829 1745.26
-313.428 552.79 1958.33
420.088 471.114 1710.14
-393.276 350.935 1889.54
604.364 282.855 1597.65
-24.1018 385.553 1766.79
-138.031 199.712 1774.89
43.102 182.451 1724.17
-157.569 -206.976 1794.99
27.6986 -212.76 1626.1
-91.4855 -596.635 1816.36
17.1924 -607.745 1609.48
20.547 780.377 1800.05
-3.05856 579.576 1782.05
-141.333 592.159 1821.77
135.215 566.993 1742.34
-332.027 548.354 1967.75
421.541 472.06 1707.07
-366.773 322.601 1884.26
611.074 287.862 1594.61
-25.7662 385.04 1764.63
-138.892 198.733 1773.17
41.944 182.277 1721.23
-153.354 -208.207 1791.94
29.8167 -212.406 1620.33
-87.4435 -597.66 1817.48
20.6315 -607.793 1613.17
26.5348 781.635 1793.97
1.27044 580.902 1777.68
-137.113 595.119 1816.44
139.654 566.685 1738.92
-332.517 522.182 1971.87
421.263 470.527 1703.02
-360.054 288.223 1881.15
608.656 282.624 1590.73
-23.1031 386.433 1761.99
-137.974 201.261 1771.65
43.021 182.666 1720.96
-148.182 -205.833 1789.84
31.1385 -211.617 1618.26
-84.1997 -595.442 1818.02
21.8906 -607.147 1618.93
32.0802 780.525 1787.56
5.39334 579.889 1772.39
-132.473 595.202 1812.55
143.26 564.575 1732.24
-334.753 502.089 1976.44
420.136 467.763 1695.51
-370.986 258.396 1891.06
589.936 263.658 1584.69
-20.5121 385.55 1757.56
-136.576 201.225 1769
43.741 181.196 1716.48
-146.407 -205.885 1787.55
30.6219 -211.155 1606.9
-83.4237 -595.698 1815.43
20.7239 -605.923 1625.71
46.1805 778.949 1781.44
17.3545 578.604 1766.39
-120.356 595.502 1806.46
155.065 561.707 1726.33
-336.373 490.047 1981.72
418.071 461.879 1688.76
-392.797 242.597 1904.06
560.029 239.022 1579.37
-10.6905 384.545 1751.84
-128.789 201.536 1763.5
51.3186 179.436 1711.09
-137.072 -205.595 1782.52
37.7085 -213.616 1603.96
-79.5637 -596.061 1812.55
27.4673 -607.784 1634.04
54.599 778.021 1774.25
23.4898 577.954 1760.13
-114.281 596.647 1799.16
161.261 559.261 1721.1
-337.188 484.027 1983.35
415.533 455.938 1681.37
-421.014 236.198 1918.99
518.96 214.619 1575.42
-6.63569 384.136 1746.62
-126.86 202.542 1758.63
53.3373 178.093 1707.58
-143.237 -204.264 1777.77
32.3867 -216.422 1607.65
-83.7682 -594.005 1812.85
22.8495 -610.299 1643.48
58.7361 779.32 1769.76
27.3805 579.243 1756.16
-109.867 598.062 1796.94
164.628 560.424 1715.38
-326.942 495.922 1977.7
411.769 449.97 1672.18
-446.483 257.775 1937.05
472.584 195.912 1571.07
-3.07651 385.435 1743.09
-123.286 203.933 1756.69
56.2191 179.32 1703.36
-140.194 -202.666 1779.85
33.0096 -216.536 1609.28
-80.0382 -592.688 1810.41
24.4521 -610.238 1648.38
59.5609 778.319 1769.01
28.2385 578.421 1753.03
-107.907 596.064 1797.68
164.384 560.779 1708.39
-319.386 503.764 1973.13
407.846 442.968 1663.58
-470.432 280.716 1955.01
419.376 183.179 1569.08
-1.92356 384.75 1737.59
-121.148 202.62 1751.35
56.9768 179.538 1692.94
-137.845 -204.125 1772.49
34.1529 -218.325 1607.83
-81.9812 -594.351 1807.9
23.8571 -611.794 1649.39
59.4223 781.108 1763.78
30.6179 580.867 1747.44
-105.452 596.639 1793.07
166.688 565.095 1701.81
-317.535 505.376 1972.41
403.421 439.487 1655.28
-492.205 297.618 1970.83
371.545 180.999 1566.85
2.85154 386.867 1731.7
-113.885 203.179 1745.8
64.0551 182.553 1686.12
-129.106 -203.479 1769.67
44.0767 -218.207 1616.34
-73.8793 -594.039 1802.71
31.7368 -611.522 1659.11
97.0165 782.972 1754.87
60.1063 584.243 1738.34
-75.616 605.82 1782.28
195.829 562.666 1694.41
-313.085 511.98 1971.36
397.226 435.259 1646.62
-505.625 319.063 1982.85
323.415 185.165 1566.46
24.3679 391.718 1722.49
-100.189 213.313 1735.4
77.4475 185.073 1677.89
-118.195 -193.216 1759.63
56.1466 -217.343 1618.44
-65.5846 -583.802 1796.4
39.038 -610.431 1661.61
86.1362 785.223 1755.24
52.4199 586.033 1736.83
-82.8825 604.632 1783.42
187.722 567.433 1690.25
-288.303 531.235 1956.42
398.094 421.13 1638.77
-493.103 353.949 1991.06
277.7 192.345 1567.33
19.8237 393.047 1719.21
-101.241 212.222 1732.05
75.6956 187.899 1671.13
-131.284 -192.807 1764.1
45.3743 -215.348 1622.9
-79.4737 -583.671 1799.25
28.912 -608.743 1663.63
82.667 783.406 1749.96
50.468 583.926 1731.34
-84.5614 601.246 1779.35
185.497 566.606 1683.32
-293.654 531.617 1958.7
438.263 451.085 1644.44
-504.537 363.073 1995.48
283.016 243.423 1577.38
19.3299 390.664 1713.48
-100.078 208.724 1727.01
76.4619 186.079 1664.24
-124.171 -196.705 1760.15
52.0003 -218.414 1622.61
-71.7218 -587.565 1794.53
33.8805 -611.645 1664.34
83.8952 787.662 1744.01
52.3758 587.953 1726.36
-82.3841 604.919 1775.36
187.136 570.987 1677.37
-311.824 524.305 1970.35
458.674 475.054 1643.19
-526.13 352.142 2004.43
289.905 274.495 1577.24
21.8696 394.475 1709.45
-96.7413 212.089 1724.57
79.4681 189.905 1660.51
-115.64 -193.417 1760.59
58.7845 -215.507 1625.48
-69.5908 -584.875 1796.74
37.2911 -608.272 1669.8
87.1667 789.22 1738.62
56.7489 589.378 1720.39
-78.2781 605.477 1768.99
191.776 573.278 1671.79
-301.361 535.644 1961.28
465.94 493.931 1640.76
-517.204 364.538 2006.24
300.136 288.589 1575.41
27.3578 395.767 1702.87
-90.3231 212.682 1717.13
86.2565 191.628 1653.57
-107.911 -193.009 1752.43
66.5582 -214.229 1622.23
-66.5929 -584.903 1789.58
43.9492 -606.967 1666.37
94.3684 789.709 1730.88
63.2525 589.883 1713.58
-71.8123 606.761 1761.84
198.317 573.006 1665.32
-291.986 541.726 1953.7
466.653 502.929 1633.2
-505.502 366.449 2001.12
310.487 288.654 1570.66
33.1257 396.297 1696.96
-85.3207 213.747 1711.9
91.3185 191.675 1648.79
-107.943 -191.304 1751.26
69.1684 -214.637 1627.38
-64.1161 -582.74 1790.48
45.5106 -607.714 1667.68
102.9 787.893 1723.78
70.9403 588.176 1706.69
-63.9961 605.742 1755.09
205.877 570.611 1658.3
-285.833 544.929 1945.81
474.053 504.547 1626.95
-494.306 362.238 1990.52
329.286 281.697 1566.02
39.8626 394.72 1690.26
-79.4533 212.751 1705.47
97.0231 189.778 1642.18
-105.689 -192.085 1745.08
72.8747 -216.748 1627.07
-61.7205 -583.168 1787.61
49.3898 -609.799 1667.87
105.782 788.391 1715.82
74.0057 588.492 1700.7
-60.7156 606.324 1749.61
208.727 570.66 1651.8
-280.305 546.161 1937.33
465.029 484.275 1614.97
-475.935 348.853 1975.23
341.605 252.104 1553.03
43.1039 394.859 1686.18
-75.897 212.888 1703.63
100.301 189.566 1639.68
-107.853 -191.163 1746.65
72.546 -216.925 1633.58
-63.8939 -582.117 1790.5
50.2471 -609.766 1676.95
107.332 788.511 1707.11
77.0774 588.219 1694.45
-57.4697 605.497 1744.03
211.625 570.941 1644.88
-277.22 543.556 1930.12
455.522 448.642 1601.48
-456.615 330.335 1955.51
363.865 201.832 1543.49
47.6774 394.204 1682.28
-69.7098 211.488 1702.53
106.265 188.89 1637.69
-106.268 -192.036 1746.93
79.3806 -217.775 1635.46
-61.455 -583.193 1788.02
53.9708 -610.283 1680.07
111.296 791.115 1703.34
81.3222 590.774 1690.56
-53.5905 607.976 1739.16
216.235 573.571 1641.96
-279.611 524.277 1930.06
461.262 423.821 1591.25
-433.761 291.711 1925.43
399.194 163.914 1537.2
52.1538 396.717 1678.28
-65.2415 213.91 1697.77
111.212 191.411 1634.21
-112.729 -188.082 1744.56
81.5085 -215.104 1634.4
-60.8792 -578.91 1778.88
53.7839 -607.151 1681.59
125.442 793.691 1693.5
92.7672 593.655 1683.16
-42.2877 613.247 1730.37
227.822 574.064 1635.95
-277.314 510.647 1921.02
474.615 411.407 1583.6
-405.761 263.669 1890.65
449.166 141.558 1530.22
61.2017 399.859 1673.28
-58.6971 218.878 1694.28
117.97 193.25 1632.53
-115.317 -181.95 1740.83
90.6733 -213.464 1632.71
-58.7291 -571.751 1779.26
56.2831 -604.149 1685.71
129.932 794.583 1685.81
96.7201 594.55 1676.98
-38.7037 614.956 1722.78
232.144 574.144 1631.17
-267.163 503.33 1909.51
491.299 407.7 1576.8
-372.244 245.673 1856.55
508.342 133.227 1521.52
64.6623 400.755 1668.53
-55.9527 220.304 1690.04
121.162 193.616 1630.13
-122.49 -179.095 1735.51
94.2178 -213.138 1631.77
-66.5658 -568.835 1776.02
53.8821 -603.027 1686.47
141.748 793.206 1675.41
106.315 593.476 1669.08
-29.479 616.116 1712.61
242.109 570.836 1625.55
-256.597 501.679 1895.24
502.126 409.344 1574.87
-326.701 237.703 1818.35
563.322 137.516 1512.54
72.1294 399.969 1663.08
-50.8731 221.269 1685.55
126.761 191.654 1628.61
-118.19 -178.152 1730.67
99.8898 -215.056 1634.49
-71.2165 -568.675 1774.12
58.1241 -605.205 1686.5
146.222 796.482 1671.85
109.88 596.894 1665.62
-25.5365 620.106 1710.07
245.296 573.682 1621.16
-259.183 536.018 1886.97
513.064 412.169 1571.94
-284.705 269.812 1793.67
610.996 147.376 1505.52
74.7857 403.529 1659.68
-48.8522 225.343 1682.81
128.235 194.988 1624.68
-122.538 -173.204 1725.66
98.5879 -211.551 1629.36
-79.4359 -563.418 1775.45
54.5788 -600.964 1684.98
153.461 798.001 1669
117.278 598.388 1662.31
-18.3851 621.404 1706.15
252.941 575.372 1618.46
-251.616 555.555 1873.92
522.034 417.587 1569.98
-255.505 289.067 1770.31
647.233 160.13 1499.19
82.3813 404.995 1655.85
-41.2246 226.651 1678.06
136.194 196.551 1620.73
-110.06 -173.376 1714.44
109.139 -210.137 1627.59
-88.4977 -563.387 1773.86
62.2207 -599.099 1684.09
156.437 798.425 1664.54
120.951 598.679 1657.95
-15.1356 621.333 1700.66
257.038 576.024 1615.24
-247.844 561.104 1861.48
531.016 428.293 1567.49
-227.222 300.39 1743.68
671.633 178.217 1489.44
86.7068 405.164 1651.48
-36.5301 226.464 1672.94
141.455 196.835 1617.08
-112.549 -172.79 1702.17
111.657 -209.681 1622.94
-107.617 -560.803 1775.39
61.1826 -597.759 1682.32
159.456 796.67 1660.86
124.734 596.79 1654.21
-11.6593 618.976 1696.2
261.128 574.603 1612.23
-245.983 565.312 1852.29
537.507 432.648 1566.25
-212.99 306.377 1729.6
685.028 185.601 1484.47
91.2259 403.146 1647.69
-31.4749 224.011 1668.61
146.91 194.994 1613.7
-110.369 -174.897 1696.06
115.256 -211.362 1621.06
-123.366 -561.556 1775.4
62.1359 -599.045 1680.82
172.847 799.777 1659.1
133.671 600.784 1652.15
-2.22671 626.09 1693.88
269.569 575.477 1610.43
-241.744 572.572 1844.93
541.758 433.324 1564.63
-211.72 310.531 1725.66
683.78 182.638 1482.43
95.753 408.007 1645.57
-31.054 231.783 1666.29
146.724 198.677 1611.71
-113.95 -166.376 1693.35
112.632 -207.397 1622.39
-138.679 -551.787 1777.19
58.002 -595.023 1681.23
178.476 801.069 1659.4
137.875 602.376 1651.52
1.67614 628.698 1691.62
274.075 576.054 1611.41
-236.583 579.617 1841.47
543.387 434.166 1564.31
-218.537 313.319 1728.87
673.049 177.605 1482.86
98.4713 409.912 1644.02
-29.9962 234.66 1662.74
148.131 200.235 1610.29
-110.122 -163.995 1691.2
117.411 -206.104 1621.18
-144.81 -549.267 1773.11
59.5282 -593.226 1680.2
181.06 801.824 1658.4
139.883 603.221 1650.81
3.37238 630.103 1689.49
276.394 576.339 1612.14
-230.293 554.81 1827.73
540.693 430.582 1565.15
-230.403 290.375 1723.12
654.613 167.732 1485.45
99.9603 410.835 1643.62
-29.2293 236.028 1661.71
149.304 200.871 1611.13
-108.661 -162.636 1692.21
117.961 -205.441 1621.77
-149.147 -548.145 1771.16
60.6204 -592.501 1681.79
181.039 801.929 1660.48
140.473 603.246 1651.68
3.63898 629.603 1689.6
277.306 576.889 1613.76
-228.644 524.901 1822.87
537.849 427.293 1567.58
-255.074 258.957 1728.47
624.105 157.439 1487.94
101.051 410.805 1643.19
-27.8471 235.599 1659.5
151.107 201.129 1609.9
-105.408 -163.601 1687.78
118.354 -205.137 1617.14
-152.99 -548.814 1764.55
61.6595 -591.955 1679.31
180.346 796.995 1659.53
141.428 597.997 1650.43
3.38836 623.46 1684.12
279.469 572.533 1616.74
-238.816 502.948 1823.96
533.431 424.645 1569.82
-288.925 233.703 1741.6
585.21 147.013 1494.69
103.686 405.242 1641.47
-24.3672 229.146 1654.56
156.253 195.827 1610.47
-102.592 -169.95 1682.65
122.03 -210.315 1618.34
-149.762 -555.12 1760.44
63.9057 -596.946 1680.38
175.882 794.639 1660.98
139.064 595.279 1651.19
0.198696 619.4 1682.43
277.929 571.157 1619.96
-249.904 491.971 1826.5
525.72 420.822 1572.93
-328.845 219.664 1758.07
533.027 140.581 1501.06
103.354 402.174 1641.56
-23.1619 224.843 1652.35
158.448 193.296 1611.5
-103.676 -173.565 1683.43
117.425 -212.19 1617.8
-149.308 -558.443 1763.75
59.7111 -598.584 1681.66
175.391 794.506 1662.19
139.711 594.949 1652.07
0.265656 618.41 1681.23
279.156 571.488 1622.9
-242.064 508.349 1821.6
519.862 416.911 1577.97
-363.258 249.508 1778.91
477.05 141.773 1511.14
105.104 401.654 1642.1
-20.6822 223.7 1651.2
161.677 193.019 1613.06
-110.158 -172.392 1685.76
115.581 -211.949 1615.79
-128.756 -551.716 1761.3
60.2224 -598.073 1683.17
199.648 788.89 1660.87
157.722 590.646 1650.73
18.6276 618.752 1676.92
296.817 562.541 1624.55
-238.013 518.687 1819.22
507.932 414.966 1581.93
-393.447 276.092 1798.34
427.223 148.892 1521.41
117.105 398.599 1641.1
-14.5244 224.942 1648.61
167.499 188.162 1614.34
-110.695 -169.647 1682.47
114.616 -215.959 1614.48
-113.954 -541.046 1759.13
63.2513 -602.466 1682.77
213.239 784.245 1661.86
167.306 586.909 1651.18
28.3893 617.992 1674.91
306.222 555.826 1627.45
-221.096 530.717 1810.06
521.588 441.908 1596.46
-409.18 312.556 1815.09
396.98 196.53 1533.86
122.795 395.744 1641.01
-12.5518 224.904 1646.36
169.119 184.255 1615.32
-117.21 -167.271 1682.53
108.391 -218.738 1615.51
-113.139 -541.178 1762.68
58.1 -605.488 1683.31
181.879 790.824 1668.72
145.747 591.784 1656.11
5.73992 615.638 1680.97
285.754 567.929 1631.25
-227.055 526.367 1810.98
529.512 462.892 1607.04
-437.587 322.58 1824.28
376.391 233.301 1542.74
110.757 398.96 1644.07
-15.8746 221.75 1648.31
167.408 190.523 1615.76
-122.549 -169.297 1690.62
103.958 -212.102 1617.33
-114.352 -546.738 1770.94
54.793 -599.203 1683.98
182.94 788.648 1672.62
146.078 589.632 1659.35
6.02849 613.944 1684.25
286.127 565.321 1634.45
-252.522 519.185 1824.99
537.422 477.528 1622.58
-483.547 324.41 1839.28
358.132 269.255 1552.04
110.358 396.836 1646.69
-16.8677 219.924 1650.29
166.146 188.155 1617.75
-117.717 -172.026 1698.06
102.656 -214.498 1620.07
-109.086 -549.606 1776.05
54.566 -602.009 1685.11
187.396 786.211 1676.04
148.815 587.526 1661.73
8.62866 613.146 1684.73
289.001 561.906 1638.73
-274.256 516.586 1836.98
535.52 483.08 1627.56
-512.445 324.815 1847.4
343.571 284.106 1556.18
111.394 395.057 1648.04
-17.6731 219.337 1649.39
165.62 185.839 1619.32
-115.676 -173.23 1698.52
98.7716 -216.278 1620.72
-106.736 -550.494 1777.11
54.8407 -604.226 1685.99
190.569 784.003 1678.66
150.608 585.607 1663.64
10.3255 612.322 1684.9
290.891 558.891 1642.37
-287.124 518.289 1842.98
531.303 491.433 1631.95
-527.193 323.535 1850.29
340.195 290.032 1559.82
111.829 393.421 1649.25
-18.6714 218.702 1648.77
164.772 183.768 1620.97
-113.355 -174.223 1701.53
96.9933 -218.203 1623.51
-107.484 -552.091 1780.4
53.6282 -606.564 1686.73
171.545 785.966 1681.17
133.028 587.228 1666.64
-7.39347 612.891 1688.43
273.45 561.566 1644.85
-294.064 518.143 1845.48
530.751 497.95 1638.42
-531.049 316.704 1844.86
345.414 291.66 1562.92
95.6826 394.707 1652.71
-33.4773 218.965 1653.02
150.151 185.406 1624.53
-125.769 -174.252 1707.97
79.6147 -216.087 1624.06
-120.052 -552.467 1789.27
40.3625 -604.34 1690.4
175.296 785.659 1682.19
135.966 587.049 1667.9
-4.36515 613.371 1689.58
276.297 560.727 1646.22
-301.525 517.075 1849.74
524.807 498.564 1641.5
-528.728 308.694 1835.25
352.148 282.49 1563.58
97.763 394.666 1654.2
-32.2004 219.496 1654.67
151.32 185.072 1626.32
-110.184 -176.337 1711.23
94.5617 -218.348 1622.75
-103.839 -551.337 1788.65
54.2706 -606.657 1688.25
152.559 790.304 1688.22
117.083 591.079 1672.92
-23.2571 614.173 1697.62
257.424 567.985 1648.22
-297.773 519.045 1845.33
520.634 504.059 1646.58
-512.199 302.433 1820.85
368.184 274.661 1566.82
82.745 398.072 1658.27
-43.4065 220.173 1659.78
140.22 189.956 1627.46
-123.26 -174.817 1720.34
79.5344 -213.007 1627.3
-119.267 -546.253 1790.62
40.5893 -602.309 1687.32
141.353 790.412 1693.1
107.52 591 1676.39
-32.8332 612.605 1702.47
247.873 569.396 1650.31
-302.393 513.527 1844.66
499.308 488.029 1641.28
-498.169 288.068 1804.41
380.101 246.025 1559.73
74.8038 397.807 1660.36
-49.6812 218.74 1661.39
133.856 190.488 1627.29
-122.33 -178.33 1717.13
80.5669 -213.528 1628.91
-114.836 -548.895 1789.41
44.9531 -603.861 1683.96
132.084 790.382 1697.22
100.053 590.716 1679.9
-40.5446 610.974 1705.85
240.651 570.457 1653.96
-296.282 517.863 1835.05
482.151 451.517 1638.14
-455.742 275.824 1779
414.323 192.625 1558.45
69.1114 397.272 1663.27
-53.7622 217.075 1663.61
130.101 190.583 1629.68
-125.195 -179.887 1722.2
81.0148 -214.01 1632.75
-112.319 -547.402 1792.13
47.5878 -604.274 1689.81
129.637 790.27 1698.55
98.1481 590.476 1681.57
-42.5675 610.384 1707.23
238.864 570.567 1655.9
-296.149 509.929 1830.52
481.57 429.263 1636.07
-415.119 256.628 1757.46
465.612 158.456 1560.87
67.7839 396.902 1665.24
-54.5914 216.346 1665.7
129.431 190.311 1632.13
-124.595 -180.587 1726.46
81.2851 -214.445 1635.27
-109.44 -544.6 1792.54
49.5881 -604.897 1692.17
126.529 791.097 1698.03
95.4184 591.11 1682.69
-45.6519 611.117 1706.19
236.489 571.102 1659.18
-295.585 504.975 1826.76
489.272 419.125 1635.54
-375.536 246.442 1734.66
522.98 145.855 1563.69
65.4669 397.35 1667.85
-56.7429 216.676 1668.39
127.774 190.507 1637.65
-128.626 -179.905 1729.43
76.866 -213.929 1640.58
-111.447 -543.609 1794.92
48.5178 -604.901 1695.61
118.488 789.86 1697.59
88.1549 589.651 1683.64
-52.7625 609.244 1708.42
229.072 570.058 1658.87
-291.287 502.981 1820.88
496.143 416.567 1638.27
-341.209 242.878 1716.28
570.642 147.325 1565.49
58.8376 395.688 1670.28
-62.6287 214.537 1673.12
121.669 188.912 1640.72
-133.041 -182.63 1732.09
69.7035 -215.382 1638.81
-116.532 -543.603 1796.34
42.5704 -606.414 1694.13
120.971 788.285 1698.04
90.2561 588.088 1684.68
-50.7323 608.104 1708.75
231.245 568.071 1660.62
-284.644 505.993 1817.93
497.571 418.781 1642.13
-303.746 250.018 1697.7
609.187 160.384 1567.92
60.5391 394.14 1671.9
-61.3729 213.283 1674.86
123.017 187.104 1643.39
-125.796 -185.25 1731.1
75.7233 -217.761 1641.47
-109.567 -542.99 1795.04
48.6594 -609.212 1693.75
119.055 787.541 1697.45
88.889 587.218 1684.7
-52.5938 607.086 1705.6
230.372 567.349 1663.8
-296.759 538.912 1826.74
505.782 423.387 1642.57
-275.659 289.418 1697.32
643.388 174.005 1569.63
59.7952 393.152 1672.24
-61.8405 212.083 1673.45
123.243 186.091 1646.11
-129.666 -185.439 1732.81
72.5443 -218.372 1644.15
-112.876 -541.566 1791.25
46.2804 -610.197 1693.99
115.495 788.443 1697.05
85.4804 588.038 1685.29
-56.1938 607.973 1704.89
227.155 568.102 1665.68
-299.422 561.589 1829.8
507.386 428.691 1644.79
-260.374 317.147 1691.83
666.436 190.195 1569.57
56.5789 393.881 1673.85
-64.9611 212.759 1675.24
120.316 186.688 1649.61
-131.828 -184.669 1736.47
69.3594 -217.735 1645.15
-116.842 -540.003 1793.62
40.4934 -609.344 1695.27
109.551 790.561 1698.33
81.5213 589.864 1686.76
-60.3254 608.423 1706.51
223.368 571.305 1667.01
-298.641 573.713 1831.61
507.191 432.347 1646.39
-252.07 333.767 1685.72
680.298 202.692 1568.2
54.5242 395.425 1675.58
-65.2293 213.122 1677.32
120.284 188.85 1651.49
-131.193 -184.701 1737.03
71.4424 -215.778 1643.66
-113.605 -543.977 1795.49
42.8522 -607.393 1693.95
104.181 791.422 1699.75
76.9947 590.592 1688.41
-64.7828 608.546 1709.22
218.772 572.638 1667.59
-298.379 578.216 1830.81
505.595 437.176 1648.69
-248.746 340.74 1680.37
687.918 216.039 1565.7
50.7621 396.026 1677.55
-68.1827 213.2 1680.31
117.242 189.719 1653.08
-136.319 -184.306 1739.72
68.135 -214.843 1643.18
-117.121 -544.094 1796.69
39.1498 -606.345 1694.16
100.087 790.884 1701.03
73.2189 590.012 1689.59
-68.6132 607.672 1710.34
215.051 572.352 1668.85
-299.895 575.331 1830.33
502.79 439.596 1649.35
-247.791 340.221 1676.25
688.582 220.161 1565.28
47.3545 395.411 1678.43
-71.2565 212.358 1680.83
114.237 189.261 1653.7
-138.319 -185.955 1735.77
68.0003 -215.609 1642.67
-116.156 -545.43 1795.88
38.7644 -607.079 1693.77
94.9519 791.221 1701.97
68.7865 590.224 1691.13
-72.9548 607.393 1712.88
210.528 573.055 1669.38
-302.322 571.601 1828.72
501.397 440.301 1649.67
-249.195 334.646 1677.4
683.496 216.603 1566.1
43.5931 395.496 1680.66
-74.2924 211.996 1684.42
111.092 189.54 1655.97
-137.577 -186.896 1739.63
67.7993 -215.683 1646.09
-116.566 -544.662 1798.76
38.0437 -607.286 1695.84
90.8188 792.256 1703.16
65.44 591.177 1691.96
-76.2968 607.699 1714.25
207.177 574.655 1669.68
-303.971 569.992 1829.36
497.694 438.154 1649.83
-257.556 327.897 1684.19
671.88 208.222 1566.28
41.0273 396.37 1681.12
-76.0733 212.367 1684.86
109.302 190.758 1655.71
-136.066 -187.126 1739.43
69.3069 -214.728 1643.36
-116.05 -542.28 1795.03
39.0165 -606.135 1694.31
92.4058 792.378 1705.11
66.7045 591.383 1693.15
-75.2242 608.363 1713.77
208.633 574.402 1672.54
-295.982 536.993 1825.17
490.352 434.078 1647.92
-281.438 293.792 1687.7
634.609 185.667 1569.56
41.7538 396.675 1681.76
-76.016 213.072 1683.84
109.622 190.862 1656.88
-135.389 -186.357 1739.64
71.1382 -214.817 1645.76
-114.072 -541.122 1793.78
41.768 -606.348 1696.31
89.882 793.064 1706.56
64.1214 592.068 1694.71
-77.8591 609.041 1715.02
206.102 575.095 1674.41
-295.994 506.997 1823.57
481.175 430.04 1646.47
-312.47 257.897 1697.11
590.458 166.975 1572.4
39.2271 397.346 1683.41
-78.5113 213.722 1685.38
107.177 191.524 1658.82
-136.872 -185.925 1740.74
68.4904 -214.154 1648
-117.569 -539.264 1795.44
38.723 -605.751 1697.81
87.0752 792.705 1711.59
61.9216 591.789 1697.52
-80.1066 607.987 1718.13
203.95 575.591 1676.91
-297.223 513.484 1823.97
472.083 428.519 1645.73
-356.025 263.042 1718.94
541.869 153.679 1575.66
37.7491 397.136 1683.93
-79.3021 213.076 1683.81
106.455 191.891 1656.86
-132.896 -187.363 1738.08
70.7225 -214.036 1645.41
-116.32 -539.605 1791.88
40.6786 -605.846 1693.3
81.3947 792.41 1714.45
58.1119 591.366 1699.12
-83.9794 606.077 1720.36
200.203 576.655 1677.88
-301.75 515.568 1826.49
465.536 428.761 1645.86
-397.395 269.885 1738.58
485.613 149.087 1577.98
35.7402 396.587 1684.36
-79.5562 211.428 1683.49
106.293 192.187 1655.71
-131.962 -188.92 1739.64
71.5042 -213.886 1646.89
-116.016 -542.627 1793.4
41.3378 -605.84 1693.52
75.9994 792.479 1715.96
53.3893 591.368 1700.38
-88.7054 605.519 1722
195.484 577.218 1678.76
-306.706 518.064 1829.65
455.262 427.886 1645.43
-438.613 283.975 1759.11
430.111 149.787 1582.57
31.6891 396.53 1685.29
-82.9311 210.945 1684.33
102.909 192.438 1656.05
-135.448 -189.437 1740.22
67.3986 -213.608 1648.8
-119.255 -542.472 1794.21
39.4076 -605.792 1694.82
68.4913 791.668 1717.74
48.1699 590.395 1701.24
-93.7809 602.725 1724.71
190.121 578.065 1677.77
-313.389 526.739 1832.87
445.624 433.444 1649.7
-479.401 309.708 1785.62
362.668 173.034 1589.16
28.6151 395.395 1685.41
-83.7813 208.46 1684.94
101.902 192.331 1654.24
-133.929 -192.526 1738.58
69.6093 -213.977 1646.96
-116.779 -542.984 1793.29
41.8572 -606.155 1693.22
64.5404 791.349 1717.75
45.9319 589.909 1701.23
-95.9713 600.957 1725.64
187.835 578.861 1676.82
-332.197 524.367 1841.93
470.376 472.443 1666.35
-512.586 311.593 1800.78
343.529 232.766 1600.62
28.0159 394.749 1685.41
-82.6947 206.813 1685.55
102.894 192.364 1653.63
-131.771 -194.255 1739.63
71.7546 -214.062 1647.81
-114.885 -539.396 1792.47
43.6018 -606.142 1694.66
60.3474 791.515 1718.9
43.508 589.926 1702.29
-98.482 599.681 1726.78
185.498 580.171 1677.8
-349.103 524.181 1851.96
480.227 495.278 1676.84
-537.283 313.631 1809.24
331.614 266.848 1605.51
27.3389 394.625 1686.33
-81.6813 205.702 1686.39
104.021 192.944 1654.36
-133.471 -194.943 1741.04
71.955 -213.414 1648.39
-114.961 -537.49 1793.27
42.897 -605.383 1695.62
58.6158 791.015 1719.13
42.4781 589.368 1702.46
-99.5992 598.588 1726.69
184.555 580.147 1678.22
-359.06 524.585 1858.48
481.729 502.685 1681.17
-545.66 309.403 1810.71
321.465 280.853 1606.02
27.0478 394.014 1686.32
-81.2893 204.691 1686.03
104.524 192.632 1654.34
-134.941 -195.887 1739.36
71.6495 -213.636 1646.82
-115.589 -537.702 1791.85
41.4534 -605.378 1695.19
59.3243 790.748 1718.65
42.521 589.117 1702.41
-99.4982 598.989 1726.74
184.54 579.246 1678.08
-361.024 527.796 1862.74
480.53 507.44 1683.27
-546.525 310.295 1809.93
320.075 283.883 1608.42
26.2804 393.779 1686.87
-82.8317 204.897 1687.24
102.911 191.986 1655.42
-139.252 -195.259 1740.87
68.9936 -214.21 1648.52
-116.523 -538.144 1795.32
39.4421 -606.19 1695.33
58.8028 790.59 1719.4
41.9967 588.98 1702.88
-99.9544 598.682 1727.68
183.948 579.278 1678.07
-361.013 530.397 1863.88
480.274 510.636 1686.2
-546.135 311.589 1808.44
326.496 281.659 1611.57
25.825 393.683 1686.72
-83.1744 204.731 1686.78
102.481 192.042 1654.34
-139.755 -195.678 1738.33
70.6302 -214.326 1647.95
-116.338 -536.337 1793.1
39.6254 -606.332 1693.57
60.9193 790.568 1720.61
43.2011 589.088 1703.48
-98.5949 599.393 1728.92
184.997 578.783 1678.04
-358.504 529.201 1861.94
459.139 491.814 1679.61
-534.335 306.329 1800.13
342.481 248.018 1606.09
26.0067 393.933 1686.7
-83.9158 205.518 1686.55
101.54 192.04 1653.28
-140.665 -194.839 1738.37
70.3756 -214.375 1646.26
-116.237 -533.3 1793.54
38.6865 -606.085 1693.88
62.6005 790.845 1720.03
44.7532 589.365 1703
-97.137 599.706 1727.9
186.643 579.025 1678.1
-352.079 529.165 1856.06
440.069 460.407 1674.8
-524.127 304.768 1791.5
367.188 202.59 1605.34
27.6402 394.173 1686.54
-82.2611 205.742 1686.37
103.316 192.218 1653.8
-139.69 -194.418 1738.97
71.2527 -214.154 1648.91
-114.096 -535.316 1794.21
42.7943 -606.263 1695.18
67.119 790.565 1719.78
47.8802 589.232 1702.58
-94.1118 600.822 1726.28
189.872 577.641 1678.89
-349.538 521.583 1857.52
437.536 436.703 1670.9
-505.871 290.557 1784.29
398.763 166.993 1604.8
29.2098 394.188 1686.11
-82.3222 206.725 1685.13
103.401 191.564 1654.14
-141.984 -192.897 1739.26
69.6559 -214.667 1648.82
-114.934 -536.787 1794.95
40.2775 -606.795 1694.42
71.2548 790.77 1719.89
50.0403 589.689 1702.16
-92.0889 602.81 1724.08
192.17 576.567 1680.23
-343.177 522.246 1850
444.274 424.355 1669.94
-487.098 283.392 1778.69
434.131 146.832 1605.11
29.4341 394.892 1685.16
-84.126 208.677 1682.49
101.782 191.514 1653.81
-144.971 -190.514 1738.47
67.5288 -214.675 1648.25
-116.249 -537.433 1792.97
38.4515 -606.883 1693.41
75.2732 790.34 1720.15
51.8577 589.542 1702.04
-90.1354 604.217 1723.89
193.851 574.867 1680.19
-339.053 519.146 1845.79
453.141 417.675 1671.47
-467.35 273.486 1769.74
478.322 137.59 1604.73
29.0782 395.027 1684.65
-86.5552 210.109 1681.55
99.1525 190.915 1652.98
-144.226 -189.22 1739.76
67.4519 -215.472 1647.18
-118.662 -535.762 1793.87
37.0206 -607.559 1692.5
74.8425 791.779 1718.26
52.2366 590.816 1700.9
-89.9284 604.954 1722.02
194.402 576.679 1679.77
-331.032 507.074 1842.89
464.066 414.838 1673.24
-428.4 252.737 1759.78
539.45 140.046 1607.02
30.4002 396.123 1684.24
-84.4003 210.675 1681.4
101.528 192.185 1653.77
-139.59 -188.997 1739.69
72.6614 -214.401 1647.49
-112.958 -536.03 1794.75
42.995 -606.301 1694.86
74.5339 792.091 1716.77
52.4242 591.04 1699.73
-89.7971 604.798 1720.77
194.645 577.282 1678.69
-325.025 500.033 1838.94
471.025 413.426 1676.62
-404.347 241.536 1751.88
577.548 145.771 1608.12
31.1532 396.258 1683.31
-83.1194 210.472 1680.66
102.884 192.479 1653.14
-138.885 -189.197 1738.48
72.0611 -213.924 1644.81
-114.268 -537.501 1792.71
42.4694 -605.683 1693.4
94.2306 790.684 1713.31
67.4206 590.201 1697
-74.6016 607.613 1716.22
209.443 572.789 1677.77
-319.517 493.521 1837.44
474.008 416.215 1678.27
-383.539 233.65 1745.14
598.144 154.576 1609.13
41.4932 395.972 1681.37
-77.3446 213.135 1678.33
108.476 190.353 1653.17
-131.809 -186.786 1735.67
76.0484 -215.955 1646.26
-109.99 -535.492 1790.9
48.393 -607.849 1694.89
104.032 789.383 1710.25
75.4096 589.048 1694.96
-66.7542 608.067 1711.37
217.573 570.028 1678.55
-313.767 488.269 1836.2
479.993 413.105 1677.62
-371.275 226.75 1742.31
607.636 151.665 1612.71
47.7559 394.959 1680.34
-72.8698 213.308 1676.45
113.074 188.432 1654.99
-127.628 -186.625 1733.45
77.1857 -217.588 1648.69
-111.94 -540.402 1789.77
47.6359 -609.388 1696.96
103.363 789.491 1706.98
75.4254 588.961 1692.81
-66.9947 607.686 1707.43
217.845 570.236 1678.19
-310.39 485.64 1833.6
485.489 413.548 1675.81
-365.152 222.484 1740.26
606.635 149.041 1615.04
48.4858 394.681 1679.21
-71.5753 212.644 1675.17
114.668 188.158 1656.05
-125.949 -187.337 1732.21
78.3084 -217.814 1648.82
-115.389 -540.452 1788.56
45.5073 -609.557 1695.31
105.041 789.044 1706.51
77.5681 588.476 1691.81
-64.8479 606.755 1707.21
219.984 570.197 1676.41
-308.198 482.82 1830.3
484.742 414.275 1676.4
-360.015 219.444 1738.44
594.435 145.273 1615.5
51.0993 394.158 1677.68
-68.4896 211.793 1673.61
117.751 187.889 1653.47
-121.872 -188.592 1728.69
82.6733 -218.123 1643.22
-113.233 -541.746 1787.86
49.216 -609.481 1692.42
104.877 788.997 1703.08
78.2342 588.244 1689.37
-64.3165 606.042 1704.18
220.785 570.446 1674.57
-306.103 475.411 1826.15
484.867 413.637 1676.2
-357.302 209.525 1739.42
582.92 140.069 1615.58
52.5791 393.749 1676.17
-66.2904 210.892 1672.64
120.138 187.616 1653.28
-121.982 -188.847 1730
83.9531 -218.298 1642.67
-113.451 -540.348 1788.74
49.4449 -609.221 1694.52
108.119 787.982 1700.91
80.9706 587.262 1687.66
-61.4616 605.46 1703.15
223.403 569.064 1672.17
-304.548 469.706 1826.08
482.436 410.318 1675.6
-356.418 202.304 1740.96
564.479 131.427 1614.21
54.7462 392.804 1674.98
-64.6185 210.246 1672.44
121.662 186.446 1652.17
-117.921 -190.084 1727.89
83.5267 -219.286 1641.38
-111.649 -543.37 1790.65
51.2776 -610.263 1694.29
119.493 786.818 1697.65
91.3721 586.201 1684.86
-51.073 605.248 1699.14
233.817 567.155 1670.58
-300.774 465.855 1824.53
482.717 405.657 1673.8
-357.948 197.378 1741.98
548.095 122.368 1614.43
64.1609 391.849 1672.65
-56.2043 209.952 1669.77
130.104 185.04 1651.1
-105.85 -190.688 1726.32
94.4914 -220.922 1640.48
-104.749 -543.156 1787.27
59.0844 -611.486 1694.38
122.043 787.237 1697.89
94.4721 586.602 1684.22
-48.1065 605.43 1697.44
237.051 567.775 1671
-293.885 467.424 1823.77
481.862 401.831 1672.9
-358.577 198.706 1742.75
533.927 115.891 1614.15
67.5834 392.271 1670.99
-52.5434 210.252 1666.4
133.933 185.628 1649.11
-107.27 -189.289 1725.76
95.3514 -219.995 1636.45
-110.424 -541.128 1784.1
55.4747 -609.712 1693.11
120.775 785.902 1695.37
94.2364 585.137 1681.58
-48.4404 602.964 1695.14
236.913 567.311 1668.02
-289.947 468.209 1823.38
482.427 398.919 1671.45
-361.038 199.116 1743.64
523.977 112.632 1612.35
68.6738 390.631 1668.32
-50.1916 207.782 1663.92
136.414 184.467 1646.19
-105.636 -191.737 1722.96
97.4884 -221.137 1633.6
-110.692 -545.687 1784.25
54.1648 -610.373 1691.08
129.159 784.484 1694.01
101.459 583.912 1679.73
-41.1214 602.766 1692.91
244.039 565.058 1666.55
-287.47 468.606 1822.19
480.217 397.958 1671.22
-362.711 199.359 1745.02
516.032 111.134 1612.74
74.5015 389.626 1666.03
-45.6962 207.669 1660.96
140.784 183.01 1643.71
-98.9035 -191.71 1722.91
101.779 -222.655 1633.69
-108.522 -541.723 1781.4
56.0528 -611.505 1691.99
135.084 786.672 1694.43
106.145 586.382 1678.78
-36.3814 606.135 1691.2
248.672 566.628 1666.37
-284.23 468.3 1820.59
479.115 394.98 1671.11
-363.558 198.97 1745.06
509.492 106.092 1614.73
77.9438 392.379 1663.71
-43.4636 211.294 1656.76
142.948 185.457 1640.52
-99.9228 -187.56 1719.22
101.336 -219.931 1629.86
-110.78 -538.68 1778.48
55.3138 -608.128 1692.1
171.478 786.231 1697.51
134.52 587.701 1678.88
-7.16492 613.289 1688.13
276.205 562.113 1669.64
-279.586 468.627 1819.14
479.602 391.018 1670.51
-364.633 198.673 1746.79
509.149 101.065 1615.91
98.6249 395.38 1661.07
-30.0217 219.811 1649.31
155.482 186.309 1637.21
-88.0911 -179.156 1709.58
114.665 -219.171 1626.69
-99.0706 -534.135 1772.4
68.1698 -607.115 1690.24
197.175 783.35 1695.28
152.047 586.747 1675.18
11.5457 618.177 1683.75
292.549 555.317 1666.62
-268.792 471.81 1820.01
484.309 384.516 1668.75
-368.004 198.848 1753.28
509.377 95.1421 1617.67
108.269 396.288 1655.94
-27.4185 226.39 1642.31
156.401 185.27 1631.1
-103.381 -169.416 1700.8
109.019 -219.442 1620.46
-108.792 -540.248 1771.49
59.2176 -606.623 1686.06
213.217 781.306 1693.93
163.426 585.821 1673.16
23.6472 620.54 1681.92
303.205 551.102 1664.41
-260.399 474.405 1821.49
487.154 375.76 1665.88
-375.291 200.852 1760.14
502.444 87.6529 1617.75
115.141 396.443 1653.27
-24.512 229.76 1639.1
158.225 184.37 1627.65
-100.075 -166.583 1695.89
112.194 -220.594 1622.01
-120.038 -543.616 1777.75
61.5559 -607.583 1688.19
216.977 781.884 1692.59
164.774 586.869 1672.56
25.5425 623.13 1683.98
304.006 550.607 1661.13
-255.197 476.196 1822.27
491.081 368.879 1661.96
-377.785 201.114 1766.22
497.497 82.7674 1615.01
113.998 398.01 1653.18
-27.8057 232.859 1641.27
154.249 185.445 1626.33
-111.504 -161.923 1697.69
109.055 -219.66 1624.85
-121.711 -539.908 1776.14
54.8887 -606.663 1687.96
217.881 781.985 1691.4
165.157 587.006 1671.81
26.0193 623.576 1684
304.295 550.437 1659.63
-254.595 477.098 1827.14
490.043 366.438 1653.98
-387.724 204.352 1776.79
485.108 82.7735 1604.85
113.87 398.185 1652.87
-28.3749 233.271 1641.89
153.541 185.458 1625.96
-112.201 -162.301 1692.72
115.512 -220.344 1626.14
-114.279 -546.592 1773.09
57.6376 -607.105 1687.39
229.469 777.072 1689.33
172.544 583.163 1671.13
34.2846 622.633 1684.15
310.803 543.694 1658.1
-251.295 476.546 1831.58
489.524 364.219 1648.49
-393.682 206.457 1784.56
477.196 83.0544 1595.43
117.261 395.379 1653.34
-28.4418 233.408 1644.07
152.397 181.783 1627.03
-112.019 -162.53 1692.92
115.359 -224.155 1626.7
-111.905 -543.868 1768.41
57.7013 -611.081 1687.23
236.796 773.833 1688.72
176.659 580.894 1670.4
39.0864 622.554 1683.99
314.231 539.234 1656.8
-249.647 477.274 1834.79
490.763 358.107 1642.25
-398.676 208.969 1790.21
473.091 79.4128 1588.49
118.304 394.044 1652.46
-30.0086 234.435 1643.42
149.908 179.952 1625.64
-109.949 -162.52 1690.16
114.097 -226.119 1625.52
-124.669 -547.394 1763.2
55.6782 -613.178 1684.5
250.189 767.287 1685.51
185.607 575.749 1667.87
49.0004 620.62 1680.8
322.214 530.877 1654.94
-248.325 477.64 1835.89
490.878 353.055 1636.11
-399.839 209.127 1793.23
469.979 76.6757 1582.18
123.057 390.182 1650.99
-28.8365 233.963 1642.57
149.851 175.269 1625.66
-109.628 -162.557 1691.68
115.46 -230.93 1626.98
-117.37 -547.683 1760.08
57.381 -618.095 1685.65
242.175 769.694 1686.53
178.541 577.828 1668.55
41.8299 621.728 1683.67
315.252 533.927 1653.43
-244.665 477.323 1836.44
492.936 350.028 1630.54
-398.72 207.511 1797.89
466.369 78.6247 1574.2
116.942 391.934 1651.33
-34.0502 234.746 1644
144.738 177.333 1624.23
-117.823 -161.254 1692.36
108.995 -228.747 1626.95
-118.995 -549.32 1764.91
50.4482 -616.036 1684.33
247.028 768.618 1683.27
182.679 576.825 1666.96
46.192 621.346 1682.51
319.166 532.305 1651.4
-245.328 475.66 1840.22
491.971 349.513 1626.27
-397.075 205.395 1801.14
463.98 80.4007 1568.16
120.297 391.036 1651.34
-31.3255 234.356 1645.89
147.156 176.137 1625.55
-112.815 -162.057 1694.84
114.836 -230.212 1629.35
-109.65 -546.947 1764.64
58.4988 -617.544 1688.57
251.622 767.394 1683.09
185.912 576.073 1666.54
49.8329 621.57 1682.91
321.99 530.577 1650.18
-243.161 477.332 1842.11
492.987 348.752 1621.64
-392.634 204.681 1803.28
466.06 81.5184 1564.29
122.046 390.814 1650.52
-30.8033 235.306 1645.2
147.164 175.805 1623.8
-114.62 -160.45 1695.52
111.336 -230.254 1625.07
-111.658 -545.83 1762.18
55.7059 -617.3 1686.76
254.552 766.945 1682.15
187.721 575.952 1666.25
51.973 622.201 1683.29
323.469 529.703 1649.2
-240.575 476.666 1845.06
493.997 345.873 1617.32
-387.864 203.78 1803.97
470.803 79.6557 1560.86
122.776 391.01 1650.82
-30.9371 236.311 1646.55
146.6 175.825 1624.26
-117.062 -158.478 1700.35
108.678 -230.026 1628.41
-110.228 -548.381 1767.28
54.9629 -617.496 1689.15
260.536 764.919 1680.42
192.057 574.435 1665.48
56.6835 621.915 1682.12
327.43 526.954 1648.85
-237.786 476.336 1844.53
494.998 344.434 1614.15
-384.471 203.762 1804.67
476.291 80.4175 1555.52
125.591 389.947 1651.17
-29.402 236.509 1647.73
147.652 174.41 1625.97
-115.045 -158.677 1699.42
108.899 -231.386 1629.16
-109.514 -546.493 1765.65
56.4636 -618.872 1690.91
260.784 765.357 1679.18
192.758 574.624 1665.3
57.3395 621.755 1682.59
328.177 527.494 1648.01
-234.393 474.665 1844.26
498.001 342.72 1612.07
-383.663 202.893 1806.27
480.748 81.7176 1551.84
126.771 389.88 1652.07
-27.7712 235.955 1650.14
149.337 174.315 1627.52
-112.995 -159.451 1700.92
108.484 -231.283 1630.14
-112.895 -540.898 1762.15
57.0562 -619.07 1690.86
261.991 764.059 1679.9
193.122 573.623 1666.06
57.9666 621.382 1683.69
328.278 525.863 1648.42
-235.19 470.834 1846.13
497.504 341.854 1610.54
-382.496 195.854 1808.04
481.551 82.1266 1550.4
126.215 389.214 1652.69
-29.077 236.038 1650.86
147.691 173.574 1627.8
-118.233 -158.739 1699.6
105.682 -231.915 1629.53
-114.568 -544.091 1762.6
53.6949 -619.707 1689.77
263.294 762.969 1680.73
193.247 573.004 1666.34
58.4029 621.525 1684.28
328.092 524.484 1648.39
-232.591 466.419 1847.57
496.254 340.922 1608.77
-381.989 190.359 1807.97
483.743 81.7605 1549.79
125.196 389.064 1652.32
-31.037 236.854 1650.04
145.326 173.394 1626.57
-121.361 -157.837 1697.39
104.892 -232.256 1628.46
-113.095 -548.266 1763.61
53.6546 -620.266 1687.93