56.8185 583.625 1212.61
47.3456 354.773 1259.18
-87.5513 353.227 1277.64
182.257 351.005 1241.16
-160.086 143.024 1343.65
274.965 127.46 1367
-247.653 -148.872 1256.59
398.441 -201.312 1255.59
47.877 164.152 1274.72
-40.3876 -28.0123 1302.46
137.217 -29.4748 1278.44
-58.0951 -420.52 1323.78
152.096 -422.644 1283.63
-46.0408 -781.134 1437.63
148.833 -789.56 1375.89
56.4426 581.638 1211.61
46.8126 353.55 1259.16
-87.9313 353.306 1276.34
181.563 351.475 1242.16
-156.445 147.843 1341.49
271.602 129.059 1364.26
-228.617 -151.176 1248.44
367.826 -193.53 1250.85
47.3295 164.592 1273.36
-40.2334 -25.3047 1298.85
135.935 -26.5014 1276.51
-56.1983 -418.554 1322.43
150.666 -420.481 1280.97
-43.2048 -779.828 1436.63
147.517 -787.702 1375.13
56.1444 599.953 1206.73
46.1691 360.881 1258.42
-88.7862 353.404 1275.55
181.184 352.049 1242.45
-158.103 132.473 1345.37
268.606 128.502 1361.68
-191.177 -157.906 1234.44
322.71 -205.199 1231.72
46.8844 164.431 1272.3
-43.6203 -31.8996 1297.38
138.822 -32.8146 1275.01
-59.4337 -445.355 1326.47
153.265 -426.801 1279.77
-44.8764 -825.073 1443.59
150.365 -793.802 1374.8
55.9686 599.963 1200.11
45.4694 359.931 1257.18
-89.8423 352.978 1273.18
180.862 352.378 1242.17
-146.613 124.105 1342.39
260.274 122.395 1354.36
-172.242 -145.758 1232.29
302.875 -209.451 1218.51
46.5602 164.183 1270.49
-43.3253 -32.0117 1294.26
138.634 -32.4146 1273.42
-58.0738 -425.833 1322.9
153.108 -427.248 1278.89
-43.3555 -788.412 1435.47
150.246 -794.851 1374.88
55.9178 600.531 1200.41
42.3834 360.826 1251.99
-93.2524 355.061 1267.29
178.089 354.645 1237.49
-134.442 126.993 1335.11
254.049 120.231 1350.28
-138.511 -145.531 1202.67
272.13 -210.83 1202.22
43.5157 165.582 1265.03
-46.0463 -29.7844 1288.05
135.345 -30.0627 1268.13
-59.3202 -423.354 1320.6
151.38 -424.782 1276.63
-49.3354 -786.91 1430.51
149.291 -792.01 1374.07
53.4906 587.903 1204.06
40.0612 358.377 1249.23
-95.2484 356.754 1260.76
175.333 353.64 1238.11
-130.041 138.281 1329.87
247.903 118.064 1349.7
-124.019 -109.207 1201.59
262.327 -207.732 1198.48
38.9248 170.153 1261.53
-54.8284 -16.295 1281.55
130.414 -18.4273 1266.04
-59.0285 -409.561 1319.72
146.559 -413.16 1273.66
-52.4901 -773.903 1427.27
145.801 -780.276 1371.53
51.7677 588.946 1204.83
39.0446 360.94 1247.61
-97.2009 359.936 1259.05
175.192 354.708 1236.66
-128.489 145.571 1328.83
249.383 108.144 1351.58
-112.072 -110.668 1188.49
268.673 -231.727 1190.34
36.4961 173.073 1260.47
-60.4762 -11.5956 1280.99
128.409 -15.2206 1265.47
-70.578 -405.001 1316.53
141.488 -410.074 1272.72
-57.3601 -769.568 1422.69
140.915 -776.911 1371.63
50.5468 596.58 1204.63
38.4074 364.035 1246.55
-95.889 356.611 1259.06
172.626 353.654 1235.38
-122.018 140.81 1326.93
244.176 112.593 1346.21
-102.493 -102.791 1184.59
267.237 -216.268 1184.41
37.5648 172.458 1260.93
-55.6979 -17.2383 1283.39
129.15 -19.2744 1267.09
-68.6177 -430.941 1318.43
144.793 -415.019 1274.92
-61.9071 -820.086 1430.27
141.86 -782.755 1374.13
48.9319 594.192 1207.65
41.1078 360.621 1251.32
-95.3773 351.907 1267.84
177.236 345.761 1236.32
-113.972 117.832 1274.97
248.829 105.309 1348.13
-83.6376 -135.027 1113.17
299.352 -218.063 1180.68
38.179 167.262 1263.7
-57.2921 -23.2112 1286.73
127.817 -27.3848 1265.33
-72.1112 -435.456 1321.91
150.515 -422.666 1277.88
-74.1754 -824.194 1430.98
148.439 -790.174 1377.95
48.9514 594.175 1207.76
42.2592 358.77 1255.64
-94.8939 350.33 1276.53
179.128 344.397 1236.18
-119.223 110.535 1282.71
250.512 104.629 1350.7
-82.0757 -136.017 1111
321.316 -212.431 1185.82
39.8414 164.757 1267.75
-53.5764 -27.0568 1293.24
128.429 -30.9973 1266.45
-71.9296 -421.59 1323.68
154.395 -435.623 1281.22
-81.8103 -788.718 1424.68
151.726 -828.541 1390.11
49.6719 598.059 1208.07
40.2257 363.268 1253.62
-97.4201 354.128 1273.16
177.761 350.272 1235.54
-122.04 110.157 1292.79
251.625 109.97 1352.49
-92.0419 -122.929 1122.25
344.65 -215.779 1185.07
39.2506 167.991 1266.5
-53.3918 -25.7289 1291.9
129.946 -28.2979 1266.84
-70.733 -420.234 1323.28
151.52 -423.606 1280.46
-88.9582 -788.41 1419.17
151.742 -789.261 1387.12
50.2303 601.295 1208.78
39.9256 364.876 1253.9
-97.7189 356.287 1272.01
177.526 353.406 1237.1
-123.412 110.183 1296.95
252.043 112.528 1352.71
-100.566 -124.606 1125.11
364.772 -200.451 1192.43
39.4992 169.447 1266.67
-52.8138 -24.777 1291.08
130.96 -26.701 1267.77
-69.416 -419.252 1323.23
151.252 -422.142 1279.36
-90.7561 -787.553 1418
151.033 -786.084 1391.74
51.7198 607.542 1209.74
40.0392 366.412 1254.71
-97.3991 358.298 1271.39
177.468 356.105 1239.2
-124.143 108.301 1298
250.261 115.508 1353.19
-112.177 -136.589 1141.09
386.007 -192.471 1210.03
39.9405 171.186 1267.17
-51.7386 -23.329 1290.35
131.422 -24.7903 1268.91
-66.9628 -418.224 1322.56
151.549 -420.653 1278.82
-92.0647 -786.946 1416.18
149.723 -783.922 1394.5
51.6609 601.06 1211.53
40.4905 364.277 1256.05
-96.2846 356.386 1272.84
177.35 355.696 1240.33
-125.365 112.628 1307.37
259.692 118.889 1357.18
-130.483 -133.757 1152.23
423.642 -187.863 1228.61
41.4842 170.245 1268.53
-47.1258 -24.2227 1291.7
132.088 -24.6743 1270.41
-63.7418 -421.27 1326.36
154.017 -422.884 1278.91
-90.9256 -792.64 1418.36
155.025 -789.633 1391.21
53.5248 611.503 1211.73
41.2998 369.594 1255.94
-96.8756 361.052 1272.01
179.539 360.112 1240.99
-125.351 113.013 1315.64
260.73 132.392 1356.14
-146.497 -144.884 1177.53
411.818 -184.578 1237.23
41.9979 171.789 1268.15
-48.6023 -25.5964 1290.61
133.993 -26.2171 1270.12
-64.9221 -422.501 1326.99
158.183 -424.379 1267.76
-91.5138 -793.994 1418.67
158.579 -788.857 1387.24
56.0268 606.864 1209.12
41.7515 369.985 1255.68
-95.8198 361.144 1272
179.494 361.971 1240.42
-128.198 110.606 1318.58
262.082 131.71 1361.09
-162.577 -164.184 1194.26
442.968 -179.586 1275.27
43.7601 172.487 1268.02
-43.8977 -26.0121 1290.69
135.45 -25.4731 1270.11
-64.7652 -436.41 1328.18
157.383 -423.771 1271.28
-84.9868 -825.141 1427.43
161.461 -789.948 1385.37
58.2267 605.052 1206.92
42.6352 371.197 1255.66
-95.2363 361.607 1271.57
180.789 364.527 1240.74
-128.958 112.957 1320.79
263.641 136.383 1368.62
-170.859 -166.061 1203.87
427.774 -178.598 1281.83
46.0511 174.257 1267.59
-39.6336 -24.8145 1289.55
138.609 -22.9287 1269.64
-62.5627 -421.277 1327.17
159.782 -421.265 1271.53
-76.3931 -791.983 1424.66
164.994 -788.351 1382.61
58.9829 602.052 1204.3
43.3653 370.81 1255.45
-94.0175 360.725 1271.2
181.114 365.369 1240.65
-130.585 113.134 1325.84
262.362 135.805 1368.45
-184.778 -167.234 1223.14
408.293 -190.894 1284.74
48.0171 173.449 1267.35
-37.3969 -26.2192 1289.3
142.772 -23.1785 1269.29
-60.5998 -422.608 1327.53
161.736 -421.631 1269.49
-70.3481 -793.762 1423.8
166.36 -788.426 1381.55
59.8471 599.127 1201.5
44.6184 366.626 1255.53
-91.0185 357.377 1270.46
180.603 362.968 1241.37
-127.063 123.761 1326.14
260.504 132.351 1369.12
-186.075 -157.442 1223.33
397.965 -202.427 1283.69
49.8562 172.393 1267.11
-34.3792 -24.7849 1288.34
144.627 -21.1002 1269.16
-57.611 -421.293 1327.74
161.122 -419.896 1269.48
-65.5423 -792.563 1424.62
166.046 -787.25 1380.47
59.8808 598.237 1199.05
45.1508 367.625 1255.4
-91.794 360.349 1269.99
182.302 363.746 1241.46
-129.39 124.349 1329.31
259.911 128.838 1365.99
-192.297 -150.95 1228.21
385.97 -202.182 1279.75
48.7588 172.417 1266.82
-37.2792 -24.8801 1287.62
142.049 -22.6571 1268.95
-57.3205 -421.951 1328.55
161.647 -421.849 1270.84
-62.7163 -794.102 1424.28
166.41 -790.386 1379.68
59.9657 596.416 1197.38
45.4802 367.344 1255.3
-91.5291 361.04 1269.22
182.655 364.071 1241.97
-131.002 130.277 1331.81
260.142 127.387 1369.4
-200.659 -137.891 1233.28
369.781 -216.275 1273.55
48.8397 172.333 1267.41
-37.9083 -24.3032 1288.52
142.328 -22.3107 1270.62
-51.0404 -423.263 1328.74
161.53 -422.987 1277.57
-57.5822 -796.899 1424.49
159.992 -795.6 1377.44
59.9314 595.708 1195.34
45.9226 366.684 1255.31
-90.4102 360.715 1269.27
182.39 362.699 1241.97
-130.303 131.588 1332.31
259.405 125.481 1370.28
-199.259 -132.236 1236.3
357.73 -213.939 1268.05
48.5536 172.155 1267.45
-38.0128 -23.8419 1288.58
140.404 -22.5439 1270.73
-49.9156 -423.076 1326.38
160.689 -423.181 1276.85
-54.8998 -796.308 1423.79
156.005 -795.512 1377.67
60.1358 595.85 1192.92
46.2957 359.477 1255.49
-85.0181 352.801 1268.65
177.781 355.345 1243.02
-122.06 144.549 1327.15
249.872 108.55 1368.5
-191.695 -117.645 1231.14
339.343 -231.648 1256.82
49.2788 171.04 1267.38
-34.7797 -19.9218 1287.86
139.357 -18.2361 1270.87
-46.4102 -427.35 1323.51
156.983 -420.679 1275.63
-48.8197 -825.286 1429.28
153.647 -794.75 1376.17
59.3561 595.795 1191.77
46.742 360.96 1255.09
-86.1967 355.004 1268.16
179.808 356.737 1242.66
-125.062 142.116 1330.98
252.562 113.266 1367.87
-190.683 -119.698 1230.39
333.201 -231.525 1252.45
49.1154 170.95 1266.94
-35.6983 -21.2255 1287.25
138.716 -20.0893 1270.53
-49.1052 -423.372 1311.21
157.026 -422.738 1274.35
-40.8962 -795.347 1419.76
153.174 -797.316 1373.82
58.7511 599.91 1190.36
46.6085 365.834 1254.09
-90.0167 360.347 1267.08
183.342 361.909 1241.69
-132.293 130.888 1337.43
251.731 116.961 1359.95
-193.297 -136.503 1231.4
326.104 -221.391 1242.98
48.8453 171.005 1266.19
-37.5607 -25.1665 1286.57
139.744 -24.1534 1270.1
-52.2923 -427.561 1304.93
159.305 -426.75 1273.15
-38.7145 -797.939 1418.3
154.509 -801.345 1372.51
58.2567 599.855 1189.26
46.2968 365.759 1253.69
-89.9385 359.669 1266.56
182.671 361.929 1241.43
-130.829 132.991 1336.76
248.931 115.767 1355.94
-175.282 -132.753 1224.66
306.96 -223.054 1233.77
49.0133 171.355 1265.67
-36.2894 -24.92 1285.84
139.781 -23.4604 1269.61
-51.9419 -427.356 1302.44
160.21 -426.022 1271.24
-35.9517 -797.405 1416.57
155.524 -800.735 1370.17
58.5162 602.049 1188.29
46.6384 369.692 1252.88
-92.1467 363.731 1265.75
185.544 365.454 1240.65
-134.743 124.928 1340.97
249.975 118.14 1352.71
-168.646 -141.622 1220.48
301.047 -222.545 1229.15
48.9772 171.838 1265.17
-37.9083 -27.2502 1285.57
140.556 -26.1427 1269.44
-52.2304 -429.626 1307.65
160.48 -428.88 1271.53
-36.2382 -801.409 1416.52
157.477 -804.451 1367.8
57.7435 603.938 1187.04
46.1873 372.233 1252.33
-94.1329 366.008 1265.3
186.651 368.511 1239.97
-136.668 120.911 1341.93
249.713 120.299 1350.42
-160.359 -146.903 1217.13
290.866 -218.326 1223.91
49.0695 172.321 1264.53
-37.9619 -28.809 1284.87
141.877 -27.2059 1268.65
-53.2823 -431.644 1312.02
162.466 -430.716 1270.52
-35.8676 -805.384 1416.65
159.717 -807.074 1366.84
58.4236 605.525 1186.38
46.4592 373.557 1251.46
-94.5183 367.54 1264.58
187.558 369.179 1239
-136.271 118.843 1344.16
249.546 120.766 1348.77
-140.557 -146.614 1209.02
278.162 -222 1215.1
48.7949 172.456 1264.33
-39.0905 -29.4586 1285.4
141.358 -28.4099 1269.03
-54.6665 -432.567 1307.96
162.053 -431.91 1271.68
-33.4385 -803.811 1420.47
159.743 -808.745 1366.14
58.4209 605.445 1184.99
46.2968 372.765 1250.81
-94.3171 367.355 1263.8
186.994 368.049 1238.48
-133.765 118.222 1343.69
246.728 117.662 1345.51
-133.277 -149.365 1206.11
271.88 -221.227 1211.21
47.9487 171.491 1263.65
-40.7409 -30.3022 1284.63
139.947 -29.8563 1268.37
-54.625 -433.517 1309.15
160.636 -433.496 1273.15
-33.6043 -804.804 1422.09
159.191 -810.932 1365.83
58.3905 613.607 1190.92
44.307 375.055 1250.96
-98.1887 369.438 1264.32
186.673 365.647 1238.37
-129.653 113.491 1325.09
236.911 115.796 1332.94
-108.267 -153.569 1178.33
270.808 -218.509 1201.66
42.514 167.041 1261.66
-54.4781 -37.6796 1280.94
135.955 -40.2137 1263.59
-63.5124 -442.711 1285.99
159.321 -448.866 1268.85
-37.2927 -806.086 1423.99
158.651 -853.82 1370.02
57.9117 610.038 1193.86
43.4883 372.394 1250.21
-97.3141 367.113 1263.66
184.196 363.809 1237.49
-124.718 118.501 1326.38
236.056 113.387 1334.07
-105.321 -149.263 1172.99
269.995 -228.167 1202.68
42.0916 167.528 1261.05
-52.5084 -35.2469 1280.5
133.912 -37.4348 1263.17
-66.135 -440.284 1286.18
155.986 -442.124 1266.69
-37.0234 -803.428 1424.59
157.277 -820.016 1361.96
58.3495 613.126 1194.9
42.1259 370.333 1249.47
-98.5399 366.999 1264.26
182.719 363.426 1235.24
-128.456 118.734 1338.9
229.502 120.004 1324.29
-103.548 -145.49 1178.63
266.947 -221.768 1192.62
40.68 166.43 1260.57
-51.5556 -36.5657 1281.05
130.02 -38.8729 1262.31
-67.9628 -442.526 1292.04
155.955 -444.439 1268.39
-43.3741 -809.23 1424.91
156.172 -823.743 1362.51
57.8461 610.74 1196.03
41.3481 367.575 1248.87
-97.8108 364.173 1263.53
180.472 361.478 1234.76
-129.431 118.609 1339.06
231.544 118.631 1328.11
-104.818 -154.383 1185.44
272.055 -218.815 1202.55
40.598 165.272 1260.56
-50.4799 -36.7615 1281.63
130.171 -38.5108 1262.95
-69.6184 -443.082 1293.76
152.119 -444.805 1270.26
-43.1692 -810.133 1426.77
154.916 -824.895 1363.2
55.9279 603.081 1195.93
39.5801 364.177 1247.89
-97.4272 360.333 1262.35
176.476 356.101 1234.14
-128.056 116.091 1340.45
231.443 105 1333.56
-108.69 -165.459 1190.51
279.751 -228.585 1216.83
37.6941 162.871 1259.79
-56.1464 -37.0117 1281.15
127.763 -39.8534 1262.21
-72.7168 -443.26 1303.31
151.008 -446.301 1270.18
-49.1933 -814.733 1424.75
152.457 -826.748 1362.66
54.4427 599.29 1195.95
35.9195 363.969 1244.3
-101.098 357.871 1257.89
172.898 355.423 1231.66
-125.848 118.108 1340.8
230.909 97.829 1336.3
-114.567 -157.711 1196.06
285.611 -237.265 1223.74
35.3949 163.313 1257.54
-56.7807 -36.9559 1279.59
126.519 -38.5931 1262.04
-75.1405 -442.655 1309.15
151.204 -444.94 1270.76
-55.7636 -817.514 1420.51
151.667 -825.336 1363.46
53.074 591.074 1196.14
33.8079 361.925 1240.94
-101.143 354.395 1253.4
168.771 352.892 1229.67
-119.293 128.145 1338.99
229.178 88.9185 1339.76
-117.422 -151.821 1195.77
288.871 -248.111 1232.62
33.951 164.126 1255.1
-56.6933 -34.0775 1277.3
124.883 -35.0886 1261.34
-70.3683 -440.209 1305.72
151.176 -453.62 1271.69
-61.9267 -816.016 1415.8
151.112 -851.583 1369.09
51.8084 586.557 1195.29
32.9791 362.614 1239.58
-104.015 356.501 1251.54
169.995 355.268 1228.6
-120.443 125.341 1342.08
231.812 93.4826 1340.32
-127.638 -157.167 1206.1
294.291 -243.026 1235.73
33.3026 164.229 1254.11
-57.9782 -34.4017 1276.35
125.232 -35.2261 1261.02
-73.2 -442.228 1304.44
151.435 -451.616 1271.71
-67.5929 -819.704 1414.88
151.359 -852.504 1370.74
55.8434 587.039 1199.04
33.7602 357.161 1239.3
-100.201 352.998 1251.69
167.748 351.929 1227.63
-117.442 126.457 1337.62
231.073 92.6815 1343.04
-137.618 -152.408 1209.69
299.698 -244.149 1245.17
34.31 163.85 1254.02
-54.4634 -30.9789 1276.9
124.193 -31.6919 1260.85
-68.1475 -431.914 1304.93
149.842 -439.975 1271.41
-61.1174 -899.787 1445.6
149.547 -821.726 1366.78
55.995 587.936 1199.22
33.4696 356.151 1237.89
-100.281 351.962 1249.59
167.263 351.442 1226.91
-116.697 123.598 1336.44
229.97 96.384 1341.65
-144.6 -160.084 1213.16
301.603 -234.287 1251.02
34.4007 163.821 1253.28
-53.5114 -30.4978 1276.38
124.196 -30.8427 1261.32
-66.8788 -428.646 1304.72
150.392 -439.405 1271.76
-57.5452 -893.734 1446.73
149.758 -821.21 1368.15
-77.2098 708.927 2098.08
-105.389 472.922 2078.11
-237.053 480.01 2111.85
26.6652 455.072 2043.39
-431.402 476.365 2262.47
287.852 362.059 2008.63
-629.22 230.548 2223.2
499.715 118.355 1869.02
-126.878 282.454 2061.51
-238.573 100.216 2068.37
-60.9955 82.84 2022.18
-258.542 -304.169 2089.34
-76.1136 -317.286 1933.48
-175.771 -778.887 2108.81
-85.0877 -710.152 1900.58
-79.0822 728.005 2097.79
-108.143 475.299 2076.31
-244.28 485.755 2113.24
26.151 460.115 2037.9
-431.207 441.709 2259.35
263.584 380.411 2008.53
-543.434 158.336 2162.55
489.75 148.099 1869.64
-131.878 282.454 2058.51
-246.069 96.1424 2066.52
-64.6287 78.6988 2016.35
-265.299 -313.757 2086.77
-81.3498 -333.059 1913.94
-199.484 -702.665 2108.7
-91.5105 -734.405 1896.66
-81.4725 733.444 2097.53
-110.744 477.635 2074.62
-247.826 487.578 2112.99
26.6236 462.891 2034.58
-440.622 443.164 2260.37
258.094 386.813 2006.25
-484.706 150.136 2152.75
484.441 166.422 1871.63
-132.878 282.454 2056.51
-246.724 94.0549 2065.58
-66.1007 77.0636 2013
-261.882 -316.224 2083.77
-78.7668 -338.805 1906.4
-195.925 -704.969 2109.75
-87.8582 -737.815 1899.33
-75.7254 727.923 2089.45
-106.865 477.563 2069.52
-243.006 489.023 2107.61
29.1726 461.289 2030.79
-434.407 417.37 2259.75
267.063 380.305 2001.26
-469.669 122.685 2146.41
489.466 156.712 1866.87
-130.878 283.454 2053.51
-245.46 97.51 2063.56
-64.7726 79.1286 2012.44
-256.691 -316.996 2081.94
-77.3885 -334.042 1905.21
-185.752 -749.277 2114.08
-87.5373 -735.934 1905.21
-69.4454 725.333 2083.08
-102.908 476.222 2064.49
-237.967 488.871 2103.57
32.9267 459.044 2024.85
-429.748 400.576 2259.27
272.054 375.306 1992.91
-472.935 107.866 2157.31
474.564 130.857 1859.9
-127.878 282.454 2049.51
-243.945 98.3476 2061.52
-64.7149 77.9262 2008.4
-254.058 -312.235 2079.72
-77.835 -317.694 1897.39
-191.177 -701.499 2107.67
-87.8531 -712.407 1916.42
-56.4664 712.453 2076.27
-91.9971 467.414 2057.89
-226.327 489.479 2097.73
45.4358 456.646 2018.77
-407.756 401.285 2244.72
280.201 367.381 1984.84
-467.813 135.316 2162.15
446.648 107.161 1857.08
-117.878 281.454 2043.51
-232.416 103.824 2055.16
-58.5361 82.0265 2004.6
-241.532 -307.4 2074.4
-72.7057 -314.722 1895.29
-183.602 -697.929 2104.37
-82.7207 -709.314 1926.34
-47.816 714.589 2069.22
-85.8793 467.791 2052.03
-219.706 489.19 2090.44
50.1469 453.337 2013.96
-400.516 398.38 2239.63
282.486 358.206 1977.37
-489.714 135.031 2170.61
406.571 67.8709 1849.67
-113.878 281.454 2038.51
-230.824 104.087 2050.2
-56.2406 80.2118 2000.41
-248.036 -306.972 2069.44
-77.49 -318.467 1899.22
-188.052 -696.863 2104.43
-87.4966 -712.726 1935.25
-43.3488 718.567 2064.24
-81.6715 471.324 2048.17
-214.891 491.461 2087.52
53.151 454.341 2008.01
-397.132 404.959 2239.52
284.3 350.465 1967.77
-533.116 135.256 2194.2
357.385 46.1424 1846.76
-110.878 282.454 2035.51
-228.686 103.779 2048.27
-52.8486 79.8431 1996.17
-245.932 -307.066 2071.6
-76.1419 -320.195 1900.97
-185.898 -697.286 2102.62
-85.1419 -714.194 1939.97
-42.0437 719.472 2065.03
-80.1953 473.332 2045.33
-213.822 491.341 2088.91
55.4951 456.786 2000.62
-400.856 409.293 2244.19
283.569 346.034 1958.38
-600.298 114.753 2220.41
297.651 42.088 1848.07
-108.878 281.454 2029.51
-227.91 100.922 2043.4
-52.0867 77.2049 1984.67
-244.153 -311.232 2064.72
-74.4347 -326.075 1898.33
-187.928 -702.798 2099.86
-85.4834 -720.813 1940.52
-42.3336 723.815 2059.12
-77.927 477.116 2039.48
-213.49 494.656 2085.86
58.4474 462.81 1993.45
-402.002 413.738 2245.03
280.342 344.841 1950.38
-584.63 196.672 2242.95
242.361 37.4357 1844.75
-105.878 283.454 2023.51
-221.692 99.1593 2037.61
-43.8185 79.2584 1978.47
-237.937 -313.054 2061.98
-64.1471 -327.315 1907.32
-181.797 -705.032 2095.06
-77.2062 -722.101 1950.51
-0.502156 734.975 2050.99
-48.3477 478.937 2030.3
-184.637 506.258 2075.58
90.0595 462.392 1986.03
-373.22 431.775 2225.33
303.434 328.241 1935.33
-571.935 233.06 2236.72
214.65 28.296 1839.34
-83.8781 288.454 2014.51
-206.996 111.721 2027.42
-31.2781 84.0094 1969.85
-225.267 -300.407 2051.78
-52.6086 -324.317 1909.92
-171.994 -692.417 2088.97
-69.6794 -718.953 1953.1
-12.6825 736.276 2052.65
-55.9864 482.821 2028.45
-191.308 504.442 2076.42
80.7483 466.139 1982.23
-384.132 436.111 2238.35
288.451 322.421 1931.04
-592.557 255.137 2273.94
146.271 53.3358 1847.61
-88.8781 290.454 2011.51
-208.676 109.759 2024.49
-33.2921 85.9776 1963.86
-239.218 -301.541 2057.07
-63.856 -323.578 1913.94
-186.98 -694.331 2092.23
-80.9551 -718.87 1955.18
-17.0048 735.908 2046.5
-57.6898 481.627 2023.62
-193.521 501.819 2072.56
79.8457 466.342 1975.02
-386.306 437.25 2237.67
312.901 360.408 1939.09
-643.406 232.544 2282.76
131.344 116.77 1860.61
-88.8781 287.454 2005.51
-208.656 104.265 2019.6
-31.3753 81.655 1956.08
-233.116 -307.48 2053.23
-55.7855 -329.25 1913.36
-179.864 -700.341 2087.4
-74.8925 -724.463 1955.6
-16.1666 740.746 2041.58
-56.2726 481.999 2018.29
-188.515 498.676 2066.64
76.2492 464.409 1970.06
-372.502 434.401 2223.31
315.606 380.502 1940.03
-587.813 262.153 2257.36
118.374 145.924 1863.01
-86.8781 291.454 2001.51
-203.377 110.233 2016.45
-29.5824 88.944 1953.1
-222.695 -301.532 2053.05
-50.985 -322.8 1917.43
-176.394 -695.088 2089.28
-72.0863 -717.696 1961.65
-13.6521 733.02 2034.7
-52.1038 484.945 2012.37
-184.938 500.574 2059.92
81.5713 468.771 1963.8
-373.533 441.373 2223.14
323.628 398.098 1936.42
-588.248 271.39 2267.87
134.815 163.512 1862.04
-80.8781 292.454 1994.51
-198.359 108.702 2009.57
-21.6947 87.8203 1945.36
-216.237 -317.196 2046.38
-42.0645 -324.669 1913.78
-174.093 -719.105 2084.41
-65.247 -719.778 1958.13
-10.2128 710.082 2024.54
-43.8115 493.316 2006.11
-180.526 506.781 2054.54
92.2083 472.693 1957.12
-371.764 450.279 2221.44
342.998 406.252 1927.17
-580.288 279.757 2268.21
148.328 139.204 1848.56
-74.8781 293.454 1988.51
-197.802 102.818 2004.14
-14.4928 80.0236 1938.54
-221 -323.178 2046.31
-36.9292 -333.01 1917.12
-173.732 -752.982 2089.18
-61.0812 -728.5 1957.37
-2.76301 703.882 2017.14
-36.4579 494.342 1999.24
-173.726 508.347 2049.32
101.175 471.752 1949.73
-369.303 454.607 2216.71
363.515 407.386 1918.52
-569.378 280.379 2259.79
182.072 128.339 1843.44
-68.8781 291.454 1982.51
-193.259 99.6132 1998.32
-8.01167 76.3232 1932.14
-219.997 -315.856 2039.46
-34.7194 -356.341 1916.11
-171.137 -750.038 2086.09
-58.2438 -758.302 1957.02
0.903717 709.623 2009.3
-32.6894 492.893 1993.05
-170.819 509.508 2043.31
104.97 472.626 1942.48
-360.962 457.65 2205.79
357.739 388.042 1906.09
-544.899 270.883 2241.64
207.804 107.519 1832.33
-64.8781 291.454 1978.51
-187.827 101.821 1996.22
-5.57885 78.1853 1929.61
-220.824 -313.739 2040.56
-34.2267 -336.186 1923.47
-172.825 -740.277 2088.56
-56.4196 -732.632 1966.85
2.83896 710.031 2001.09
-29.8612 492.031 1986.92
-167.833 508.45 2038.27
107.59 472.25 1935.47
-326.594 463.709 2172.5
341.173 355.458 1894.31
-525.14 227.45 2200.23
234.665 69.5065 1827.16
-60.8781 291.454 1974.51
-180.885 102.133 1995.2
-0.221159 79.6693 1928.25
-219.498 -318.429 2041.12
-27.8859 -335.301 1926.2
-170.41 -744.951 2086.93
-54.1141 -731.751 1971.59
6.9228 713.904 1997.13
-25.2617 498.267 1983.18
-164.832 512.399 2033.81
113.829 476.614 1932.22
-329.181 452.041 2172.7
344.444 335.422 1885.16
-492.58 204.82 2167.4
273.616 38.3983 1823.47
-55.8781 293.454 1970.51
-178.615 101.481 1990.44
6.07835 78.1821 1924.3
-228.082 -320.564 2039.91
-24.601 -337.011 1924.3
-171.509 -744.862 2076.9
-52.9203 -733.482 1971.84
20.8895 713.565 1986.68
-14.4773 499.221 1975.96
-152.899 516.731 2024.18
124.032 476.631 1926.39
-348.502 430.998 2183.16
337.177 335.973 1881.51
-468.423 199.588 2154.12
308.799 29.4901 1821.35
-46.8781 296.454 1965.51
-170.86 107.877 1987.39
11.5343 81.5806 1922.74
-229.358 -301.606 2034.6
-16.0914 -333.827 1922.74
-171.747 -695.786 2074.02
-50.4584 -729.048 1976.32
25.4572 717.732 1978.66
-10.5171 499.705 1968.85
-149.086 518.185 2016.21
128.312 475.794 1922.59
-344.398 423.514 2175.7
342.472 337.707 1877.11
-440.189 188.141 2127.35
361.362 33.2341 1815.99
-43.8781 297.454 1960.51
-167.845 109.941 1983.43
15.1899 82.9443 1921.13
-236.398 -298.307 2029.47
-12.4483 -332.653 1922.15
-179.639 -692.577 2071.03
-53.9152 -727.094 1977.78
38.0485 718.595 1968.36
-0.510932 498.255 1961.75
-139.583 519.266 2005.82
138.83 472.19 1916.46
-336.834 419.338 2164.84
353.684 339.147 1874.31
-400.558 179.006 2094.74
428.254 6.63449 1798.52
-35.8781 296.454 1955.51
-162.6 111.565 1978.36
20.0029 81.2094 1919.29
-232.19 -296.764 2024.41
-7.38201 -330.578 1925.38
-184.541 -692.152 2069.02
-53.1388 -765.825 1983.41
43.9324 725.04 1964.47
2.75307 502.449 1957.79
-135.838 523.943 2004.03
142.096 475.4 1912.4
-346.259 448.407 2162.3
360.931 343.935 1871.58
-368.564 210.188 2079.32
473.868 35.3953 1794.73
-33.8781 300.454 1951.51
-160.574 115.604 1975.39
21.7735 85.0622 1915.44
-236.331 -291.851 2019.42
-9.01155 -330.536 1920.57
-192.766 -686.981 2070.07
-53.6141 -724.864 1976.32
51.1302 728.816 1962.69
10.5122 503.161 1954.79
-128.447 524.029 1999.82
148.753 477.112 1909.5
-346.441 462.28 2156.06
373.142 345.803 1868.78
-350.051 222.208 2063.1
510.184 64.0449 1792.04
-25.8781 301.454 1947.51
-153.117 117.32 1971.3
29.9458 86.429 1911.33
-223.887 -291.916 2008.23
2.28298 -329.538 1918.5
-201.561 -687.702 2068.1
-45.3056 -723.41 1976.21
54.4618 730.816 1957.72
13.2811 502.034 1949.71
-123.219 519.183 1992.67
148.951 473.284 1907.55
-335.579 464.263 2140.05
368.308 354.799 1869.12
-317.006 221.895 2030.47
501.638 116.709 1794.83
-21.8781 302.454 1943.51
-145.914 120.468 1964.86
33.7492 91.071 1909.12
-227.159 -305.003 1996.93
2.93725 -324.89 1914.26
-221.733 -726.107 2076.16
-47.733 -718.091 1975.06
57.3987 729.458 1953.63
17.1353 499.381 1946.72
-118.855 515.406 1988.5
152.602 470.931 1904.62
-332.595 466.995 2130.99
378.193 354.866 1867.02
-301.625 223.928 2015.56
525.074 109.734 1785.64
-16.8781 300.454 1939.51
-140.499 119.076 1960.79
38.5633 89.7773 1905.24
-225.316 -308.226 1990.85
6.8352 -324.735 1913.42
-239.383 -726.997 2076.34
-46.672 -716.448 1972.99
71.3384 733.184 1952.81
26.9886 506.886 1944.85
-111.696 527.54 1986.41
164.154 475.365 1901.9
-329.466 478.336 2124
403.688 350.314 1861.39
-300.2 222.749 2007.91
555.265 82.3857 1773.86
-12.8781 305.454 1937.51
-142.577 123.258 1959.13
39.5034 89.766 1902.59
-229.827 -299.16 1987.85
5.71564 -312.706 1913.52
-256.764 -713.983 2078.36
-54.6556 -746.485 1979.48
77.2513 733.128 1952.89
29.8603 503.109 1943.64
-106.915 525.537 1983.53
165.637 472.994 1903.6
-325.574 480.329 2121.92
400.163 349.192 1862.62
-308.933 234.412 2017.45
547.444 58.0304 1769.72
-9.87808 306.454 1936.51
-140.209 126.865 1954.98
41.2925 92.5613 1901.71
-226.033 -293.783 1985.71
11.2336 -301.114 1912.38
-262.087 -703.097 2072.66
-57.1417 -757.343 1981.93
79.9172 730.526 1951.8
31.4576 502.074 1942.57
-104.924 527.56 1981.53
168.039 473.376 1904.52
-318.227 457.985 2107.87
392.834 349.058 1864.5
-318.227 193.619 2003.72
509.011 81.0356 1782.98
-8.87808 307.454 1935.51
-139.96 129.265 1953.94
41.9806 93.848 1902.96
-221.053 -279.277 1985.76
9.8675 -312.584 1913
-262.625 -670.666 2065.87
-56.1516 -760.819 1982.49
83.2607 747.481 1954.73
32.6545 503.09 1943.62
-107.914 533.238 1982.93
174.954 478.955 1904.52
-333.837 430.546 2113.01
377.725 362.751 1868.64
-363.209 141.182 2010.76
463.398 96.8705 1789.86
-6.87808 307.454 1935.51
-138.593 127.376 1951.97
44.5337 92.5532 1900.55
-215.217 -263.603 1979.48
10.6988 -323.719 1908.75
-280.668 -799.749 2086.71
-47.2503 -716.146 1971.78
82.2098 744.908 1953.84
33.5266 496.499 1942.61
-108.12 527.522 1977.9
176.649 474.699 1907.72
-329.04 416.604 2105.32
391.852 349.306 1867.9
-382.563 128.65 2017.54
453.529 20.7582 1778.95
-4.87808 302.454 1933.51
-134.156 123.298 1946.74
48.7354 90.0236 1902.15
-209.804 -262.701 1973.9
13.7752 -326.415 1910.38
-270.537 -761.493 2074.69
-46.1998 -718.794 1973.4
76.4092 742.718 1954.84
31.5696 494.854 1943.63
-111.042 523.121 1975.77
174.555 473.732 1910.82
-321.974 414.69 2097.75
393.399 340.484 1869.35
-396.386 158.487 2033.7
402.008 39.1704 1792.94
-4.87808 299.454 1933.51
-132.173 119.626 1944.62
50.7307 88.141 1903.18
-205.697 -245.236 1973.11
8.80139 -326.039 1909.31
-256.173 -667.703 2060.9
-56.634 -761.523 1981.52
76.0992 741.405 1957.01
31.7598 495.075 1944.7
-110.609 521.099 1974.52
175.736 472.963 1913.98
-305.976 432.296 2087.55
389.297 335.038 1873.94
-419.974 188.285 2047.03
338.634 3.31238 1794.32
-2.87808 298.454 1934.51
-129.513 118.126 1943.63
53.9439 87.4014 1905.08
-213.993 -252.647 1975.54
6.64129 -328.039 1907.14
-233.742 -668.478 2058.93
-49.0918 -720.197 1976.05
102.215 737.857 1955.13
50.3828 493.507 1942.79
-93.086 522.583 1969.64
194.234 465.054 1915.93
-293.866 444.153 2081.8
405.839 316.63 1872.81
-450.217 200.045 2060.62
312.114 4.99197 1802.51
9.12192 295.454 1933.51
-124.92 117.414 1940.67
60.3679 80.2215 1905.84
-215.348 -252.774 1972.7
5.80549 -334.658 1905.84
-218.742 -673.683 2059.82
-45.984 -727.649 1974.89
115.141 724.615 1955.68
58.5277 480.932 1943.38
-80.8668 516.79 1966.86
199.366 453.536 1919.42
-272.025 449.999 2071.26
428.284 332.156 1886.41
-458.157 234.166 2076.21
285.537 52.373 1814.46
14.1219 292.454 1933.51
-119.413 122.049 1938.49
60.8676 82.596 1907.65
-224.142 -267.945 1974.4
-2.64406 -335.957 1907.65
-219.639 -689.032 2064.47
-57.8946 -763.596 1982.79
80.6471 729.057 1963.01
36.7426 486.363 1948.38
-103.193 513.106 1972.62
177.729 465.041 1923.46
-289.49 441.639 2077.01
415.393 362.767 1900.09
-493.098 243.848 2090.58
242.243 103.608 1826.53
2.12192 295.454 1936.51
-123.39 117.73 1940.53
59.1228 87.4514 1907.51
-231.771 -277.306 1983.07
-6.80573 -326.662 1909.57
-222.902 -695.258 2071.76
-56.7435 -721.068 1976.83
81.3803 725.627 1967.13
37.8206 484.839 1951.4
-102.541 511.838 1976.75
178.751 463.059 1926.47
-292.107 442.772 2079.62
420.813 378.192 1914.89
-507.608 260.855 2093.61
217.39 141.812 1835.34
2.12192 293.454 1938.51
-124.741 115.242 1942.54
58.4935 84.0745 1909.32
-227.733 -283.47 1991.48
-7.49413 -330.41 1912.41
-218.838 -702.651 2078.21
-56.372 -725.506 1978.6
82.208 699.229 1969.69
40.438 486.095 1953.62
-102.777 516.59 1977.52
186.269 463.255 1930.22
-315.69 443.354 2092.28
424.907 387.589 1919.55
-543.642 259.46 2102.82
207.808 162.575 1839.27
3.12192 292.454 1940.51
-126.939 113.62 1941.53
57.7064 80.1816 1911.2
-227.442 -288.391 1991.78
-11.5724 -334.457 1912.23
-217.471 -706.074 2079.3
-56.5015 -730.65 1978.6
85.3948 697.765 1971.75
41.5826 479.799 1955.32
-97.575 508.797 1976.4
181.693 455.059 1934.53
-305.7 442.926 2087.12
433.242 385.126 1923.04
-544.63 248.795 2095.09
215.345 155.821 1840.91
3.12192 290.454 1941.51
-125.711 115.681 1940.51
55.7849 81.7898 1912.69
-223.196 -286.572 1994.9
-14.4975 -332.669 1915.79
-216.561 -704.552 2082.25
-58.4536 -729.297 1980.2
68.4609 710.417 1975.65
24.0346 478.932 1958.11
-114.896 509.494 1980.52
164.537 457.905 1936.54
-311.661 445.048 2088.15
413.173 395.988 1930.73
-550.802 241.223 2087.14
202.723 161.649 1844.28
-12.8781 291.454 1944.51
-139.841 116.88 1945.5
41.6023 84.429 1916.77
-235.066 -288.857 2001.39
-31.7088 -329.624 1916.77
-229.839 -683.954 2087.1
-71.5785 -726.276 1984.25
72.6795 709.808 1976.63
25.9073 478.285 1959.09
-111.071 508.705 1981.23
166.284 455.75 1938.59
-319.864 441.216 2093.71
400.912 397.093 1933.86
-553.434 226.167 2079.31
210.625 158.128 1847.57
-10.8781 291.454 1946.51
-138.231 118.689 1946.51
42.3678 85.3732 1918.9
-216.923 -279.812 2004.01
-16.4864 -330.736 1914.77
-209.084 -699.726 2090.24
-57.3464 -727.079 1982.19
49.6765 719.143 1983.08
8.50036 485.027 1964.26
-129.855 509.349 1989.13
147.293 462.689 1940.61
-343.635 435.228 2104.6
378.117 407.396 1938.86
-569.854 206.905 2078.3
210.379 153.583 1850.58
-25.8781 295.454 1950.51
-151.285 116.874 1951.51
31.8876 87.299 1919.63
-234.143 -291.2 2014.69
-31.1632 -328.216 1919.63
-229.679 -706.412 2092.82
-71.0091 -725.654 1980.94
37.1803 711.188 1987.55
-1.63046 484.031 1968.14
-138.427 506.512 1993.93
136.198 463.547 1942.68
-357.535 426.172 2109.17
360.666 391.397 1934.66
-564.387 188.715 2066.95
221.004 107.377 1838.42
-33.8781 294.454 1952.51
-157.151 115.057 1953.51
25.0981 87.5379 1919.52
-234.308 -303.49 2012.7
-29.8881 -330.565 1920.56
-225.337 -718.369 2093.43
-72.0889 -787.74 1985.03
28.3478 713.875 1991.9
-8.23498 485.233 1971.33
-147.774 507.251 1997.47
131.589 466.916 1945.54
-371.421 426.004 2111.04
339.117 364.867 1932.68
-533.484 179.342 2053.96
258.859 59.18 1838.26
-38.8781 294.454 1955.51
-161.032 114.227 1955.51
21.9154 88.1552 1921.62
-237.959 -308.872 2018.55
-29.4129 -335.042 1924.77
-223.31 -723.565 2097.43
-68.84 -787.294 1990.87
25.1647 713.515 1992.72
-9.76463 488.165 1973.57
-151.719 511.069 2000.22
132.753 470.132 1947.36
-375.232 422.192 2108.46
342.961 348.159 1930.92
-497.217 162.845 2033.62
324.268 31.5411 1842.13
-40.8781 293.454 1957.51
-162.455 112.596 1957.51
21.2016 87.1898 1924.47
-234.793 -296.632 2020.55
-28.388 -330.189 1927.57
-218.419 -693.98 2092.59
-61.0935 -728.788 1985.82
22.7152 718.093 1992.88
-12.6141 490.162 1974.64
-155.314 513.193 1999.37
131.667 472.062 1951.34
-379.16 417.386 2106.82
341.277 346.13 1931.46
-462.365 149.051 2011.13
378.852 34.1452 1849.48
-42.8781 294.454 1959.51
-165.202 111.475 1960.52
19.6749 85.6084 1929.24
-239.887 -298.259 2023.8
-33.2132 -332.311 1932.35
-221.284 -696.592 2094.93
-61.8655 -732.419 1988.63
14.5254 715.664 1991.54
-19.1428 491.209 1975.83
-163.221 512.957 2001.66
125.332 471.763 1950.21
-385.203 413.576 2105.69
346.309 344.308 1933.66
-438.609 135.866 1994.61
426.105 54.2363 1854.94
-49.8781 292.454 1962.51
-173.743 105.624 1965.61
14.7767 80.0174 1931.72
-248.078 -308.974 2027.38
-39.1324 -337.778 1929.65
-228.538 -723.914 2100.94
-66.7564 -737.815 1986.94
17.2396 719.392 1992.87
-16.9751 491.294 1976.9
-162.204 513.871 2001.96
129.29 471.731 1952.11
-382.511 416.898 2104.59
351.999 346.144 1937.04
-403.082 140.814 1974.66
469.862 74.6386 1858.12
-47.8781 291.454 1963.51
-173.116 104.115 1966.61
17.1974 77.6352 1934.59
-239.49 -308.647 2025.73
-32.5424 -341.008 1932.51
-221.016 -720.846 2099.62
-60.1571 -741.931 1985.7
17.0216 722.77 1991.98
-18.8153 491.564 1976.95
-163.834 512.082 1998.69
127.633 470.063 1955.22
-390.487 447.987 2111.08
357.167 349.87 1937.69
-367.185 171.688 1967.94
502.36 87.8923 1860.89
-48.8781 290.454 1964.51
-174.048 101.656 1965.55
17.5568 75.5792 1937.52
-244.276 -308.348 2026.49
-35.2624 -342.831 1935.45
-224.678 -718.747 2094.5
-61.8935 -744.347 1985.64
13.0997 725.371 1991.92
-21.749 493.047 1977.98
-167.633 511.628 1997.55
123.925 470.369 1957.28
-395.249 468.541 2114.64
356.095 354.284 1939.87
-352.922 203.725 1964.86
527.414 97.8447 1859.06
-51.8781 290.454 1965.51
-177.657 100.738 1967.61
14.9521 74.3007 1940.45
-246.6 -306.745 2030.37
-37.9942 -344.078 1936.3
-229.344 -716.272 2095.95
-67.6731 -745.256 1987.47
8.06283 737.29 1993.45
-25.4716 496.56 1979.08
-171.507 512.235 1999.5
120.099 473.638 1959.27
-399.705 478.677 2119.35
346.62 362.771 1942.52
-349.049 214.386 1958.57
535.394 111.8 1857.41
-53.8781 292.454 1967.51
-177.997 102.625 1969.6
14.6058 77.6642 1942.61
-245.682 -304.508 2031.13
-36.2876 -340.908 1934.3
-225.135 -714.296 2097.33
-65.9665 -742.085 1985.47
3.21659 739.77 1994.34
-30.5146 497.628 1981.09
-176.697 514.416 2002.86
116.727 476.374 1959.12
-402.411 485.478 2119.58
346.719 368.189 1943.89
-346.971 221.587 1953.26
543.718 128.975 1854.05
-57.8781 293.454 1969.51
-181.444 101.823 1972.65
11.9209 77.8069 1944.51
-250.838 -303.319 2032.86
-38.9766 -340.799 1934.12
-229.219 -712.955 2097.72
-68.6517 -741.925 1986.31
-1.83568 732.375 1996.16
-33.1309 500.559 1982.25
-181.827 515.421 2004.16
115.13 477.891 1960.03
-410.649 483.722 2123.03
352.704 367.796 1944.31
-351.852 218.004 1948.9
557.36 126.83 1851.88
-60.8781 292.454 1970.51
-186.841 97.105 1972.64
10.5432 72.8608 1943.86
-255.984 -312.592 2029.4
-37.1546 -346.05 1932.45
-231.012 -721.223 2097.51
-70.5798 -782.806 1989.28
-7.57257 737.286 1996
-38.6559 496.988 1984.05
-184.826 513.577 2005.89
108.575 477.333 1961.08
-411.009 478.174 2119.96
343.631 369.902 1944.93
-350.109 205.845 1946.45
536.002 133.138 1857.2
-64.8781 292.454 1972.51
-187.955 98.8974 1976.72
6.5608 76.0367 1946.25
-252.973 -310.815 2033.48
-39.177 -343.919 1936.89
-228.994 -719.585 2100.85
-68.9221 -745.991 1987.15
-11.3544 742.016 1998.56
-41.571 499.075 1984.05
-189.342 514.308 2008.05
106.75 479.634 1960.96
-424.944 474.868 2127.41
340.636 369.949 1944.83
-373.74 205.492 1966.01
519.063 134.098 1859.72
-66.8781 293.454 1973.51
-190.07 99.7168 1976.67
4.58398 76.9665 1946.19
-252.328 -314.299 2033.74
-37.0302 -343.337 1933.7
-229.753 -715.008 2096.95
-67.7756 -745.077 1985.97
-8.90775 743.432 2000.75
-40.5507 498.808 1986.15
-188.731 516.152 2007.12
108.21 480.075 1964.07
-420.604 440.266 2125.17
337.111 366.436 1943.78
-404.655 163.43 1967.95
480.923 117.762 1865.88
-66.8781 293.454 1973.51
-190.601 99.9394 1975.62
4.64888 76.7699 1947.21
-251.87 -314.404 2033.78
-34.9363 -344.083 1935.75
-228.131 -715.696 2094.82
-65.7053 -746.131 1988.06
-11.6186 748.477 2001.94
-42.4475 500.613 1987.14
-190.701 517.096 2009.12
106.166 481.029 1966.08
-413.786 411.693 2119.64
333.506 361.159 1942.93
-432.907 131.633 1977.92
440.503 102.009 1870.29
-68.8781 294.454 1975.51
-192.724 99.6885 1977.63
2.9979 76.7126 1949.08
-253.034 -314.164 2034.82
-37.5228 -344.079 1938.69
-230.876 -726.994 2098.96
-68.3885 -746.362 1989.11
-12.9135 751.648 2007.88
-45.1167 502.693 1990.54
-194.439 516.231 2012.47
104.024 482 1968.13
-420.084 418.486 2121.66
333.022 356.86 1941.74
-486.702 136.206 2003.1
394.927 110.139 1878.94
-70.8781 294.454 1975.51
-195.155 97.3258 1975.51
2.57009 75.1744 1946.77
-250.333 -319.112 2032.77
-34.8546 -345.853 1935.33
-231.562 -732.081 2094.95
-65.7281 -748.238 1984.73
-20.1113 748.176 2010.92
-48.2896 501.922 1992.55
-196.641 513.711 2014.27
99.6669 481.685 1969.19
-421.247 419.954 2123.48
316.182 360.764 1943.04
-529.92 141.48 2023.86
335.132 96.4214 1878.62
-72.8781 293.454 1976.51
-194.14 96.6699 1975.45
2.42487 77.0911 1945.75
-248.263 -318.624 2033.73
-33.9724 -344.078 1936.39
-231.247 -720.202 2094.99
-64.7781 -746.605 1984.66
-26.2568 749.498 2012.02
-53.2245 503.111 1993.64
-201.878 512.993 2016.38
94.6759 482.791 1970.19
-424.478 424.158 2125.63
308.818 359.248 1943.01
-571.595 162.244 2047.62
285.136 95.9008 1883.33
-76.8781 293.454 1977.51
-197.148 95.4888 1976.45
-1.41562 76.6328 1946.69
-252.301 -319.724 2034.72
-37.8192 -344.609 1938.37
-234.101 -721.273 2096.15
-66.5939 -747.454 1985.64
-34.1811 745.087 2014.07
-57.805 507.667 1995.17
-207.887 511.444 2018.77
90.3752 484.778 1969.1
-433.333 433.563 2129.44
301.302 364.839 1945.94
-618.825 191.082 2076.92
219.616 108.955 1886.89
-79.8781 292.454 1977.51
-201.376 87.7682 1976.42
-0.148971 70.742 1943.65
-253.394 -328.374 2032.59
-33.4709 -350.988 1935.32
-233.895 -729.832 2095.68
-62.181 -753.955 1983.51
-38.729 744.805 2014.04
-60.9619 508.434 1995.31
-209.956 509.309 2019.81
88.1968 485.956 1968
-432.074 438.082 2128.53
313.565 401.543 1960.03
-628.308 205.871 2083.83
182.755 154.341 1892.05
-79.8781 291.454 1977.51
-200.314 85.619 1977.51
1.26205 69.9639 1942.42
-251.769 -334.426 2034.22
-30.9472 -351.873 1936.19
-230.645 -763.131 2100.07
-59.7281 -754.805 1984.5
-43.2207 744.263 2014.98
-63.3423 505.172 1996.05
-212.147 506.736 2020.52
84.5012 486.141 1969.09
-433.552 440.579 2130.78
328.001 415.98 1968.26
-638.894 210.114 2084.9
179.92 188.393 1897.7
-80.8781 291.454 1978.51
-197.984 86.5186 1978.51
2.28846 73.2773 1943.95
-252.138 -329.011 2035.79
-32.0798 -348.514 1937.7
-228.138 -762.276 2101.47
-61.8919 -751.492 1986.01
-45.4562 744.767 2016.21
-64.5832 503.287 1995.89
-214.11 507.164 2020.81
84.8294 487.77 1970.07
-451.805 439.512 2141.48
334.707 422.146 1972.59
-633.648 229.317 2094.55
179.93 207.393 1900.04
-80.8781 291.454 1978.51
-196.355 88.3002 1978.51
1.45888 75.4536 1944.29
-251.138 -324.121 2033.29
-32.91 -346.346 1935.96
-227.105 -756.714 2099.07
-63.7286 -749.043 1986.3
-43.9245 746.6 2015.25
-64.527 503.005 1995.86
-214.712 508.302 2021.02
85.4969 487.491 1970.03
-459.032 442.094 2147.84
340.13 425.553 1974.34
-635.733 234.829 2097.22
183.009 205.583 1900.69
-81.8781 290.454 1978.51
-198.718 85.9851 1979.59
0.208253 72.2777 1945.03
-257.352 -324.453 2034.11
-35.2102 -349.618 1937.74
-228.354 -756.901 2103.45
-65.0369 -752.794 1986.07
-44.3544 753.481 2017.03
-65.5938 501.107 1995.79
-214.892 508.704 2022.16
84.5675 487.574 1970.03
-454.47 446.524 2146.52
341.544 427.872 1976.95
-629.032 239.88 2094.62
189.109 201.199 1902.72
-82.8781 290.454 1978.51
-198.719 87.7324 1978.51
-0.2606 74.7907 1944.18
-257.102 -328.246 2032.72
-33.5349 -347.377 1936.9
-230.044 -729.412 2097.43
-65.4232 -750.61 1984.21
-42.5453 750.149 2017.84
-63.6623 500.471 1996.73
-212.876 508.08 2022.88
85.4933 486.427 1970.04
-442.186 446.343 2140.18
337.222 406.79 1970.95
-618.294 223.206 2079.14
218.077 159.335 1896.61
-81.8781 290.454 1978.51
-198.708 88.9499 1978.51
-1.39684 74.7648 1943.1
-257.501 -322.605 2032.15
-33.6615 -347.799 1935.81
-226.604 -759.028 2102.95
-66.5867 -751.131 1984.17
-40.5546 747.299 2017.61
-62.5662 501.503 1996.82
-212.406 508.9 2022
87.0828 486.881 1970.06
-444.306 445.241 2139.31
325.806 375.038 1966.3
-609.912 228.605 2076.73
249.37 104.893 1894.05
-80.8781 291.454 1978.51
-196.883 90.3084 1978.51
-0.0508183 76.6241 1943.41
-256.333 -325.838 2032.74
-33.3524 -345.889 1938.21
-226.925 -726.957 2098.62
-63.2082 -749.458 1986.6
-35.2651 744.918 2016.33
-59.5337 501.019 1995.7
-209.076 509.509 2020.85
90.502 485.183 1970.04
-437.827 438.641 2138.37
319.337 355.079 1962.66
-589.036 214.736 2067.61
278.385 71.5686 1893.36
-78.8781 291.454 1978.51
-196.752 91.8121 1977.45
-0.330868 75.9804 1944.54
-258.397 -324.03 2033.87
-35.8103 -346.642 1938.28
-226.882 -725.552 2098.07
-65.696 -750.615 1985.69
-30.9675 743.598 2016.29
-56.3766 500.396 1995.73
-206.637 511.073 2018.69
92.8053 483.15 1972.24
-436.322 437.866 2133.99
324.571 343.355 1962.13
-571.962 212.741 2066.17
314.213 55.4074 1895.84
-78.8781 291.454 1977.51
-199.022 93.6962 1974.32
-2.36124 75.7195 1943.5
-261.712 -322.15 2032.83
-37.8787 -347.356 1938.28
-229.263 -724.284 2095.41
-67.8042 -751.867 1984.72
-26.2909 743.32 2017.56
-55.304 500.335 1995.8
-204.224 512.601 2017.59
94.4678 481.655 1972.28
-431.915 434.875 2129.15
312.546 349.97 1964.73
-542.47 222.401 2063.51
337.721 68.0056 1897.26
-78.8781 292.454 1976.51
-200.89 96.1743 1973.33
-4.9904 76.0691 1942.73
-261.025 -317.509 2033.46
-38.4412 -347.292 1937.51
-228.436 -751.194 2101.15
-69.4013 -751.838 1983.95
-28.298 738.71 2014.87
-53.5949 507.588 1994.17
-207.154 519.416 2017.79
99.6039 488.252 1971.1
-415.172 436.037 2120.94
324.28 353.446 1966.11
-504.492 201.226 2044.51
396.897 88.1508 1902.2
-77.8781 293.454 1976.51
-201.299 92.0843 1973.26
-1.02473 72.6364 1942.95
-258.885 -324.632 2033.99
-31.3041 -351.274 1936.69
-227.657 -727.13 2097.6
-62.2696 -755.891 1985.2
-29.0252 734.196 2012.23
-53.1734 513.569 1993.57
-208.275 521.209 2016.02
101.118 491.107 1970.05
-407.828 433.271 2115.8
328.409 356.537 1968.41
-479.49 198.326 2036.88
428.866 102.552 1903.96
-76.8781 293.454 1975.51
-203.202 87.3473 1972.19
1.83361 67.297 1942.25
-260.67 -329.556 2032.79
-29.5679 -356.624 1932.83
-232.872 -732.62 2095.33
-60.5255 -761.136 1983.39
-6.03132 745.769 2010.21
-38.8222 502.874 1990.77
-189.364 518.255 2010.79
111.795 480.699 1969.26
-395.549 422.315 2112.62
354.689 337.713 1970.17
-451.574 194.715 2032.08
457.627 120.214 1912.89
-66.8781 292.454 1973.51
-193.76 96.7556 1970.28
4.9811 72.5869 1943.48
-250.221 -320.43 2029.88
-28.5046 -351.216 1936.15
-224.813 -723.499 2093.4
-57.4179 -756.002 1985.72
5.00906 747.856 2007.33
-31.2422 497.847 1987.33
-179.603 516.296 2005.08
117.205 475.823 1970.41
-395.242 411.532 2114.21
340.369 342.095 1969.56
-445.605 184.03 2032.59
448.304 121.167 1914.75
-60.8781 291.454 1972.51
-186.887 99.7937 1968.27
8.61799 74.5425 1945.13
-244.384 -317.32 2027.86
-29.0297 -348.994 1938.86
-226.148 -720.793 2091.69
-60.0016 -753.694 1988.41
4.94784 756.998 2003.4
-31.7252 493.738 1985.06
-178.336 512.784 2000.6
115.156 473.739 1970.47
-396.762 403.571 2113.4
329.097 348.407 1968.08
-452.792 135.646 2018.66
422.229 145.212 1921.9
-59.8781 291.454 1971.51
-183.097 103.001 1967.37
8.44755 78.1957 1947.7
-239.533 -313.995 2026.94
-29.174 -345.047 1939.34
-228.104 -717.438 2090.94
-63.2122 -749.379 1987.82
6.28876 752.606 2003.42
-29.6534 494.593 1984.17
-176.604 512.167 2000.74
117.831 474.483 1968.47
-398.51 399.395 2112.6
339.371 344.068 1968.47
-449.515 141.43 2022.37
421.156 144.065 1923.12
-56.8781 291.454 1969.51
-180.107 101.952 1965.37
11.3848 77.3573 1944.69
-235.553 -315.462 2022.91
-25.1956 -345.93 1934.24
-226.42 -718.419 2090.26
-59.298 -749.992 1984.87
4.22856 747.622 1999.84
-28.8815 492.929 1982.01
-175.666 510.41 1997.42
117.683 473.314 1966.44
-396.027 391.123 2108.51
332.149 345.772 1968.07
-421.583 257.829 2064.92
409.887 129.216 1919.68
-55.8781 290.454 1968.51
-178.06 100.968 1964.37
14.4136 77.512 1944.73
-235.641 -315.706 2025.09
-24.2378 -345.564 1933.24
-226.479 -718.815 2091.51
-59.3321 -749.149 1986.92
8.79204 746.601 1996.56
-27.2709 489.008 1979.81
-172.104 508.43 1996.32
119.196 470.721 1964.46
-392 385.36 2107.63
322.678 345.804 1966.82
-435.633 161.319 2035.47
389.576 118.188 1917.05
-53.8781 289.454 1966.51
-175.01 102.624 1964.46
14.6408 78.7846 1944.01
-230.294 -314.614 2021.83
-25.026 -343.98 1932.53
-223.461 -716.644 2093.58
-58.042 -747.394 1987.21
19.4181 742.787 1993.34
-15.949 490.164 1976.92
-162.601 509.382 1992.38
130.898 470.47 1962.44
-384.449 384.648 2103.75
334.759 337.838 1964.9
-439.867 124.086 2023.06
391.149 96.0423 1914.49
-43.8781 288.454 1964.51
-167.477 100.996 1961.42
24.3168 75.6038 1942.81
-216.878 -301.267 2018.89
-13.2791 -347.35 1931.32
-215.651 -734.18 2093.7
-49.3548 -750.368 1986.98
22.7986 746.749 1993.61
-12.5521 492.982 1977.2
-161.215 512.339 1990.76
136.707 472.263 1963.55
-383.408 387.185 2105.03
337.848 335.421 1964.38
-444.523 134.261 2028.87
384.17 80.6538 1912.71
-40.8781 289.454 1962.51
-164.767 99.977 1958.35
27.5843 74.7316 1940.73
-222.181 -316.533 2019.93
-12.1888 -348.119 1927.12
-225.615 -719.488 2087.48
-53.4432 -750.349 1985.91
19.8719 741.879 1991.64
-12.8865 489.891 1974.01
-160.975 508.769 1988.7
134.878 471.572 1960.51
-371.811 391.54 2100.68
334.721 334.282 1962.95
-437.582 145.814 2027.6
371.576 77.1931 1909.91
-39.8781 287.454 1960.51
-161.96 98.1233 1955.34
30.396 74.5654 1937.77
-219.469 -318.028 2017.03
-10.2835 -347.876 1924.21
-225.149 -720.148 2087.46
-54.6569 -749.3 1984.07
27.9743 730.654 1990.11
-5.54426 490.038 1972.15
-154.021 508.981 1985.67
142.824 469.393 1958.51
-372.223 390.123 2100.98
340.645 328.572 1962.7
-443.301 135.19 2028.01
373.312 69.0467 1909.16
-33.8781 286.454 1958.51
-158.603 95.699 1952.22
35.297 70.5445 1934.4
-214.013 -320.399 2017.04
-5.40392 -352.119 1923.97
-225.515 -722.968 2084.9
-51.8299 -753.445 1983.8
33.7439 728.733 1990.1
0.0105827 496.089 1971.49
-150.053 515.149 1985.04
149.198 472.69 1958.67
-367.478 394.163 2098.14
348.2 324.516 1962.98
-444.722 130.162 2024.8
375.498 62.454 1911.11
-30.8781 289.454 1955.51
-158.533 96.9078 1948.06
37.9825 70.1601 1931.14
-215.96 -311.235 2012.67
-4.89236 -352.314 1919.64
-229.593 -746.248 2085.79
-52.2509 -752.802 1984.5
71.2289 726.93 1993.56
28.9258 499.408 1971.83
-121.301 523.789 1982.16
178.441 469.136 1961.97
-337.404 408.587 2086.24
370.643 307.231 1962.92
-422.555 138.109 2013.11
395.613 65.857 1917.14
-9.87808 292.454 1953.51
-146.449 104.669 1940.71
50.9374 69.4644 1927.9
-206.172 -305.151 2002.49
8.16727 -353.021 1916.43
-219.563 -737.317 2079.18
-39.2893 -753.307 1982.45
99.8244 727.094 1992.3
47.7163 498.976 1969.14
-102.974 529.406 1977.27
196.047 462.759 1959.22
-320.583 414.752 2084.12
379.653 299.235 1961.14
-422.01 137.854 2016.17
404.547 11.458 1910.35
0.121918 293.454 1947.51
-144.578 111.24 1933.58
51.5125 67.55 1921.81
-223.118 -296.963 1993.51
2.45433 -354.142 1910.33
-228.916 -727.163 2075.84
-49.1373 -753.461 1978.43
117.061 725.325 1990.35
58.9779 497.637 1967.12
-90.564 531.298 1975.24
206.63 457.943 1957.18
-306.106 420.1 2081.87
382.856 289.379 1958.14
-418.555 152.177 2022.22
398.493 -10.8627 1908.1
7.12192 293.454 1945.51
-141.421 114.99 1930.55
53.0434 67.0508 1917.74
-222.473 -306.268 1990.27
4.98906 -354.992 1912.52
-244.607 -723.496 2081.02
-47.6312 -754.286 1980.62
121.641 728.879 1989.66
60.3807 499.154 1966.1
-88.605 535.097 1977.46
207.903 456.83 1954
-301.999 423.065 2083.4
378.539 290.757 1954
-423.923 148.236 2027.43
385.068 -20.4605 1903.95
5.12192 295.454 1945.51
-144.779 117.715 1932.66
48.8009 68.5368 1916.75
-233.648 -298.064 1991.91
1.77529 -353.649 1914.66
-244.78 -718.869 2079.85
-54.9653 -752.896 1979.65
122.915 729.524 1988.74
61.1912 499.245 1965
-87.4663 534.907 1978.57
207.68 456.653 1951.93
-299.921 424.127 2087.07
373.653 292.465 1946.58
-431.014 155.041 2036.8
368.229 -15.5973 1893.43
5.12192 295.454 1944.51
-146.089 118.506 1932.71
47.8063 68.1602 1915.7
-234.665 -298.012 1986.49
8.12002 -354.812 1916.74
-236.83 -713.632 2074.16
-51.7023 -753.971 1979.66
135.8 724.469 1986.19
68.1062 494.073 1964.81
-77.7689 530.096 1977.96
211.512 447.655 1950.75
-296.546 418.02 2090.81
376.907 282.26 1941.51
-430.733 162.876 2046.39
363.468 -32.4468 1882.16
9.12192 292.454 1945.51
-145.196 120.045 1935.93
46.2352 65.5333 1917.94
-233.061 -293.131 1986.14
7.53382 -358.09 1916.89
-232.008 -694.255 2066.15
-52.367 -757.773 1979.89
146.687 730.137 1986.12
71.8589 489.439 1963.67
-71.5472 527.158 1976.56
212.282 441.012 1948.64
-286.578 418.896 2089.3
375.418 273.241 1935.66
-426.178 166.867 2048.07
356.285 -40.7625 1874.88
10.1219 291.454 1944.51
-144.548 124.244 1935.1
42.4072 67.5402 1916.39
-227.213 -290.127 1984.28
5.78176 -356.269 1916.39
-242.859 -691.7 2060.43
-55.1757 -756.109 1977.35
161.937 723.128 1982.98
81.9281 486.796 1960.83
-62.1364 527.582 1973.83
222.988 433.692 1946.69
-286.441 419.583 2090.89
384.626 263.395 1929.37
-429.792 165.159 2051.02
361.339 -43.7645 1869.49
15.1219 287.454 1942.51
-144.323 121.674 1934.06
42.5726 60.4586 1916.11
-229.153 -292 1985.38
6.98623 -363.438 1917.16
-237.517 -694.529 2057.52
-52.8127 -763.472 1977.99
153.135 723.494 1983.82
74.8769 488.719 1961.81
-70.1806 528.582 1976.92
215.502 436.434 1945.59
-295.071 414.953 2097.65
379.024 267.369 1924.35
-440.745 159.552 2060.76
349.54 -41.0764 1860.84
8.12192 288.454 1943.51
-151.773 121.098 1936.05
37.934 60.6053 1914.76
-238.645 -292.329 1986.29
0.26678 -363.15 1916.85
-239.682 -694.53 2060.92
-59.5604 -763.374 1976.68
159.359 725.39 1980.7
79.3972 489.195 1959.79
-65.436 529.513 1976
220.436 436.054 1943.51
-290.559 416.565 2098.23
385.944 259.96 1919.45
-438.143 154.409 2060.36
354.025 -46.6923 1853.33
12.1219 288.454 1943.51
-148.768 121.171 1937.12
40.8468 59.7192 1915.85
-233.49 -293.023 1988.37
6.34761 -364.726 1920.03
-230.343 -695.858 2061.8
-51.639 -765.455 1981.12
163.3 723.09 1980.69
81.2496 485.641 1959.56
-61.4684 526.651 1975.65
221.074 433.049 1942.51
-281.75 418.019 2096.35
387.622 255.788 1914.26
-428.882 148.442 2057.84
358.465 -43.6287 1850.34
14.1219 287.454 1942.51
-146.97 123.183 1937.21
40.4987 60.6141 1914.02
-235.008 -290.806 1989.61
2.73884 -364.184 1916.12
-231.86 -694.798 2059.92
-55.2868 -765.183 1979.33
166.487 721.413 1979.41
83.9879 486.229 1959.71
-59.8308 529.061 1976.88
223.56 432.248 1941.47
-280.722 418.236 2099.85
388.292 253.95 1910.46
-427.152 146.293 2058.01
362.897 -39.7501 1847.52
14.1219 288.454 1942.51
-147.464 123.68 1938.26
39.4315 60.6686 1915.09
-238.608 -289.087 1994.83
-0.406906 -363.925 1919.28
-231.355 -693.179 2064.25
-56.3995 -765.205 1982.54
174.276 723.279 1977.37
86.4747 477.951 1958
-52.1349 519.318 1974.63
219.812 423.923 1940.5
-261.604 415.656 2090.44
382.65 246.459 1907.35
-407.768 144.208 2050.67
362.561 -48.1724 1841.5
17.1219 286.454 1943.51
-142.501 127.868 1939.36
39.8664 64.1792 1916.63
-232.758 -285.638 1993.94
-1.03648 -360.581 1920.83
-226.504 -690.113 2062.74
-55.0257 -762.386 1984.16
173.521 722.544 1975.89
86.9752 479.452 1958.07
-52.1808 522.835 1975.08
223.283 426.614 1940.45
-263.685 415.992 2092.82
381.817 254.092 1906.88
-409.778 149.299 2055.56
361.562 -39.6049 1838.23
18.1219 286.454 1944.51
-141.025 126.267 1942.43
41.9828 63.4069 1918.57
-230.335 -287.709 1994.96
-0.997755 -361.157 1921.72
-230.335 -692.714 2060.87
-53.8556 -763.291 1983.9
173.99 719.831 1975.57
88.9135 480.867 1959.3
-52.6925 524.555 1976.32
225.835 426.301 1940.4
-265.821 414.341 2095.3
386.199 251.704 1904.34
-407.06 150.12 2058.79
368.017 -42.6173 1836.16
18.1219 286.454 1944.51
-143.766 126.656 1942.42
39.9897 61.5285 1918.48
-237.109 -286.573 1993.81
-4.1366 -362.925 1920.58
-232.913 -691.526 2059.91
-58.0132 -764.927 1982.74
174.635 712.17 1976.44
90.1252 483.993 1959.54
-52.6435 528.03 1977.83
228.3 426.893 1940.35
-274.293 409.562 2102.41
389.618 250.211 1901.94
-415.032 148.865 2064.63
374.75 -46.0198 1834.46
17.1219 286.454 1944.51
-147.584 124.916 1942.4
38.2418 58.3601 1917.05
-240.943 -282.754 1991.15
-4.77703 -366.582 1919.15
-232.187 -710.741 2063.4
-57.7012 -769.22 1980.38
174.96 713.187 1977.72
89.9876 482.549 1959.51
-52.4331 527.302 1978.77
227.778 426.546 1940.36
-268.947 408.931 2100.14
388.66 246.164 1900.38
-410.155 147.364 2062.23
375.872 -53.7693 1831.79
17.1219 286.454 1944.51
-146.251 125.189 1942.4
38.1373 59.4881 1917.19
-237.73 -289.093 1992.87
0.311245 -366.055 1922.44
-232.507 -694.404 2059.73
-56.7468 -768.574 1981.58
173.889 712.667 1979.76
88.8956 483.184 1961.55
-54.1713 531.081 1979.11
228.665 428.466 1943.41
-268.91 410.196 2100.74
390.575 246.073 1900.49
-408.821 146.554 2064.57
372.831 -59.1297 1830.7
15.1219 286.454 1945.51
-150.041 125.527 1942.33
35.1863 58.3537 1918.05
-234.361 -291.859 1988.71
0.403945 -368.521 1924.38
-252.164 -697.127 2059.92
-58.8994 -772.2 1980.56
181.585 715.358 1979.99
93.9753 482.143 1961.48
-49.0414 530.794 1979.02
233.349 426.122 1944.41
-263.788 410.506 2098.57
391.577 243.325 1900.18
-405.168 145.058 2061.06
366.638 -63.0711 1831.3
19.1219 286.454 1946.51
-146.19 126.441 1943.33
39.151 58.7559 1920.16
-224.106 -292.622 1987.55
8.62258 -368.641 1926.47
-251.22 -697.247 2060.55
-52.7653 -772.345 1981.62
184.207 716.024 1980.94
97.0071 482.673 1962.52
-46.1181 529.722 1978.96
237.368 427.268 1945.41
-265.393 408.897 2099.04
388.883 242.518 1899.47
-405.832 145.215 2057.96
354.374 -62.112 1828.07
24.1219 285.454 1947.51
-141.367 124.209 1943.27
45.2883 56.858 1921.05
-219.456 -294.731 1988.64
12.5811 -370.445 1924.22
-253.858 -699.209 2059.53
-49.8283 -774.026 1979.35
175.689 711.694 1982.71
92.3432 486.659 1963.66
-51.3948 532.684 1981.19
232.943 430.704 1945.4
-276.618 404.097 2104.32
385.763 243.285 1897.35
-419.299 138.98 2059.97
338.749 -55.2537 1823.3
19.1219 287.454 1947.51
-147.22 124.332 1943.22
41.6116 57.2029 1919.67
-226.589 -295.793 1990.84
3.52226 -371.302 1921.78
-267.361 -701.429 2060.88
-58.1453 -776.845 1975.09
173.31 716.035 1984.18
90.489 487.977 1963.77
-54.5366 532.883 1982.34
230.024 432.088 1944.41
-280.102 401.63 2104.16
377.102 242.583 1894.44
-422.414 138.306 2052.85
320.417 -53.8344 1812.96
17.1219 289.454 1946.51
-147.927 125.477 1942.22
39.4669 59.6209 1917.78
-221.989 -295.617 1989.83
7.68967 -369.371 1923.08
-263.814 -701.323 2058.85
-55.0588 -775.145 1973.28
180.43 716.336 1982.17
95.1982 484.991 1962.69
-47.8543 530.961 1981.04
233.914 428.966 1942.36
-272.08 399.707 2098.23
370.399 232.889 1884.7
-419.308 142.303 2030.96
304.394 -57.7635 1799
21.1219 287.454 1945.51
-145.178 125.446 1942.29
42.462 58.0482 1916.7
-215.977 -296.18 1990.9
13.9124 -371.254 1921.99
-257.828 -702.134 2058.91
-49.8499 -776.824 1973.21
188.244 717.175 1981.61
97.7326 482.837 1961.77
-45.009 529.984 1984.4
235.384 425.464 1938.24
-266.021 401.907 2092.17
362.516 222.245 1871.78
-427.606 164.916 2001.1
282.667 -76.5864 1776.21
21.1219 286.454 1944.51
-146.126 125.598 1942.38
39.1574 57.2976 1912.68
-219.187 -295.826 1990.03
8.42279 -371.927 1917.98
-257.885 -701.632 2061.15
-54.289 -777.464 1971.29
193.772 716.17 1977.14
99.6443 480.223 1959.57
-41.8691 529.069 1984.4
236.731 421.565 1934.04
-264.221 402.235 2086.97
352.74 206.26 1854.41
-438.839 197.207 1958.46
262.805 -83.9286 1752.48
21.1219 284.454 1944.51
-147.726 125.225 1945.58
37.1206 55.1402 1912.51
-219.815 -296.708 1990.1
8.57252 -374.138 1923.09
-258.444 -701.79 2065.27
-54.1794 -779.934 1974.33
199.837 721.936 1973.2
101.504 478.692 1956.38
-38.8652 529.506 1984.52
238.877 420.242 1927.73
-258.714 408.288 2078.63
330.611 206.196 1838.77
-433.748 251.134 1915.83
218.487 -84.5861 1729.11
22.1219 283.454 1943.51
-148.564 126.637 1948.84
34.9186 54.1806 1911.52
-217.29 -296.292 1989.02
12.6966 -375.444 1923.16
-255.996 -701.143 2065.39
-53.1357 -780.888 1973.32
199.721 726.101 1969.58
101.946 484.238 1955.43
-39.6654 533.936 1989.3
239.625 424.018 1922.13
-255.145 421.915 2067.07
311.854 198.07 1819.34
-432.522 317.187 1870.83
183.283 -90.2797 1706.99
21.1219 285.454 1944.51
-150.227 124.951 1955.35
34.0273 53.1584 1911.17
-217.789 -298.37 1989.14
18.1559 -376.425 1921.75
-258.578 -702.071 2068.62
-50.7526 -780.48 1976.04
187.356 728.157 1964.52
94.2355 485.79 1954.31
-46.9903 532.624 1994.72
230.832 428.662 1912.4
-270.213 424.759 2062.88
287.294 193.706 1801.29
-450.824 384.623 1847.87
133.391 -85.0854 1686.5
16.1219 284.454 1945.51
-152.484 120.2 1964
31.2874 51.5558 1909.76
-213.773 -304.597 1990.42
17.5291 -378.125 1919.29
-262.941 -707.358 2069.93
-49.3467 -782.515 1973.62
182.788 726.99 1959.84
90.0923 482.376 1952.12
-48.5179 527.468 1998.6
225.39 427.943 1904.16
-275.947 430.543 2053.55
257.469 191.805 1785.64
-442.033 460.07 1845.94
71.6752 -71.6142 1673.66
15.1219 282.454 1944.51
-149.593 117.74 1969.27
30.2146 51.7525 1906.78
-206.812 -308.224 1986.22
23.8756 -378.242 1915.23
-262.139 -710.129 2066.61
-47.1821 -781.599 1972.7
164.525 735.676 1956.92
79.4535 488.195 1951.76
-56.5614 527.576 2007.73
212.919 437.538 1896.74
-275.344 418.574 2056
224.28 196.322 1771.76
-416.309 510.545 1882.38
-4.68537 -56.8865 1661.32
11.1219 286.454 1948.51
-145.65 116.797 1981.8
32.5074 57.6293 1907.88
-201.617 -293.284 1988.92
32.5074 -372.057 1916.34
-267.408 -713.25 2075.54
-42.6095 -773.724 1977.9
145.824 737.596 1957.56
69.4357 490.607 1953.74
-64.404 525.952 2014.63
201.565 446.102 1892.69
-280.204 410 2046.84
187.83 207.453 1763.06
-407.264 551.556 1903.57
-66.6826 -24.4066 1663.12
8.12192 289.454 1950.51
-141.336 115.443 1987.87
33.7025 62.4267 1907.88
-209.429 -304.637 1977.4
37.9261 -367.321 1916.32
-281.996 -724.647 2064.26
-40.5039 -768.882 1974.88
113.845 739.583 1967.89
58.0923 489.962 1955.22
-77.1882 512.28 2018.02
191.636 459.768 1892.01
-301.116 408.658 2033.82
153.71 225.617 1760.91
-411.372 574.853 1921.14
-138.214 10.4428 1675.94
13.1219 285.454 1944.51
-119.867 97.7687 1976.68
56.9318 63.1997 1893.22
-207.072 -322.303 1950.1
65.3992 -366.521 1899.57
-274.895 -718.808 2045.05
-16.1583 -766.989 1961.26
99.5453 740.573 1975.61
52.9281 489.848 1956.71
-82.9719 505.011 2021.73
187.483 465.39 1889.75
-312.844 416.599 2021.73
117.165 238.268 1758.01
-406.618 596.396 1928.73
-197.078 53.7345 1703.18
15.1219 282.454 1940.51
-112.306 89.7063 1969.42
66.4867 63.0842 1881.65
-229.168 -323.56 1951.36
55.8868 -366.213 1900.73
-305.57 -719.176 2043.46
-27.5808 -765.813 1965.42
88.9746 734.227 1982.68
47.3872 484.703 1954.95
-86.6083 495.871 2024.94
179.111 466.448 1884.2
-272.395 440.287 2012.76
79.0899 243.261 1753.59
-355.484 650.946 1926.31
-255.363 81.3018 1732.53
12.1219 278.454 1932.51
-110.146 82.1816 1956.11
66.6713 63.4658 1862.99
-248.272 -324.757 1940.17
50.7876 -365.394 1890.52
-326.667 -720.913 2029.02
-32.7159 -765.168 1955.23
89.7117 737.993 1983.59
48.4518 490.434 1952.33
-83.7528 499.147 2025.49
179.526 474.09 1877.05
-290.152 450.128 2003.99
45.2879 259.309 1755.39
-352.613 661.231 1939.16
-304.798 133.07 1791.83
14.1219 284.454 1925.51
-106.125 87.5895 1948.92
67.3724 71.4526 1850.96
-243.731 -318.877 1947.86
50.4814 -355.046 1895.3
-344.195 -714.455 2008.56
-30.7794 -754.057 1961.97
97.6521 744.487 1996.1
51.1699 497.001 1953.38
-80.9202 502.842 2029.51
181.522 481.096 1875.14
-260.403 471.469 2006.9
24.9359 279.533 1761.87
-294.581 716.848 1951.69
-317.296 177.113 1840.56
13.1219 290.454 1917.51
-110.82 93.8576 1933.54
62.3811 79.4967 1831.84
-253.781 -310.67 1942.01
45.4916 -345.907 1885.68
-360.331 -707.62 1978.57
-35.7357 -744.754 1953.37
100.061 745.434 2006.27
50.6257 498.257 1954.3
-80.651 501.766 2033.32
180.368 483.981 1872.2
-255.081 481.993 2010.72
6.4476 292.669 1767.85
-272.352 741.954 1963.46
-324.632 211.415 1880.64
10.1219 292.454 1910.51
-115.046 95.6086 1920.14
57.2596 84.6201 1815.16
-240.169 -313.69 1953.01
47.764 -339.517 1880.58
-370.041 -705.403 1960.34
-34.5839 -737.705 1951.46
100.422 746.497 2009.94
50.4435 497.887 1952.27
-80.9725 500.142 2031.64
178.656 485.24 1870.54
-255.905 484.433 2013.08
-3.67676 302.907 1774.11
-259.526 746.942 1973.25
-332.182 233.556 1912.81
9.12192 293.454 1905.51
-116.251 97.3591 1913.01
54.1036 87.824 1805.91
-233.866 -312.707 1960.69
49.8745 -334.024 1885.2
-374.987 -700.528 1954.42
-31.4718 -732.412 1956.12
100.827 751.803 2019.09
48.1524 503.846 1957.42
-84.3011 504.27 2043.29
177.884 492.154 1868.46
-258.834 493.584 2022.63
-8.83359 315.136 1777.13
-248.102 733.823 1997.04
-335.401 252.758 1931.24
3.12192 294.454 1904.51
-126.102 92.3351 1911.14
46.0188 84.3697 1796.72
-232.92 -320.13 1964.02
42.8431 -336.945 1879.29
-386.35 -703.183 1951.49
-37.4452 -735.259 1952.28
101.23 758.776 2007.62
46.6299 506.576 1953.02
-84.7344 509.35 2043.16
175.175 492.628 1860.27
-261.221 497.918 2026.73
-20.0204 317.85 1776.96
-241.055 724.389 2009.66
-340.783 259.308 1947.71
0.121918 294.454 1906.51
-130.736 91.5142 1920.93
40.0496 80.3976 1801.14
-219.609 -325.344 1973.83
41.107 -341.512 1881.51
-388.989 -701.743 1960.23
-33.9997 -739.995 1959.74
104.609 751.416 1999.26
45.2682 502.443 1948.95
-82.6823 509.166 2040.04
172.06 485.877 1855.15
-304.364 495.865 2024.08
-23.5044 316.607 1775.44
-266.433 778.884 2011.43
-336.969 260.5 1954.74
-3.87808 292.454 1906.51
-135.248 94.3044 1925.12
30.9945 79.9498 1804.07
-213.57 -325.879 1964.28
32.051 -343.73 1872.75
-384.596 -701.302 1952.81
-39.9057 -742.099 1953.05
99.485 740.817 1997.42
40.0251 495.387 1949.35
-84.5172 502.874 2044.88
161.509 480.357 1853.13
-314.591 490.041 2028.38
-29.9617 307.608 1770.59
-275.156 729.112 2020.16
-332.458 256.798 1949.01
-10.8781 288.454 1909.51
-138.607 94.1774 1932.05
20.0771 80.3076 1808.1
-207.272 -328.373 1965.85
24.3041 -345.566 1863.06
-380.489 -702.982 1953.33
-45.6185 -743.186 1949.68
96.2421 731.412 1998.1
37.6701 489.647 1951.99
-83.9517 496.91 2049.42
156.291 475.164 1853.27
-306.276 483.623 2032.59
-34.309 300.088 1768.75
-272.225 699.031 2024.45
-320.624 241.209 1951.16
-13.8781 283.454 1912.51
-139.953 90.0683 1937.08
14.8581 76.9796 1810.34
-205.434 -333.446 1964.54
26.4864 -350.094 1853.68
-372.667 -710.765 1952
-41.4239 -747.108 1944.57
102.196 742.701 2001.18
38.5034 485.275 1952.08
-79.9646 490.714 2046.4
154.675 468.916 1856.88
-379.94 465.913 2026.32
-26.3682 297.615 1774.88
-293.875 1022.47 1999.55
-313.805 231.283 1958.75
-10.8781 283.454 1914.51
-134.899 93.2185 1939.73
17.3454 79.6182 1815.2
-199.248 -330.853 1962.94
27.9091 -348.21 1852.18
-373.762 -704.96 1949.36
-35.8356 -745.308 1946.23
107.582 749.266 2007.09
41.4248 481.882 1956.09
-76.3235 488.897 2052.29
157.373 468.809 1858.57
-354.438 461.085 2030.9
-21.088 288.696 1769.34
-305.984 806.174 2010.81
-269.407 220.882 1916.93
-7.87808 281.454 1917.51
-130.763 91.9202 1941.46
19.1574 79.7285 1816.65
-203.692 -330.86 1962.6
24.4344 -348.765 1846.2
-371.784 -707.761 1945.9
-37.1945 -745.697 1942.3
114.086 733.587 2013.61
47.2597 471.738 1956.34
-70.1935 479.401 2049.18
162.796 460.732 1861.74
-330.577 448.826 2032.41
-3.12276 287.867 1772.99
-300.858 770.228 2001.59
-255.924 208.3 1915
-2.87808 277.454 1913.51
-127.926 90.3996 1932.11
22.9183 78.3068 1810.32
-220.006 -328.726 1951.16
29.2649 -350.094 1841
-373.438 -711.783 1933.42
-34.4415 -746.953 1936.04
116.105 726.664 2010.39
56.047 478.766 1958
-66.3392 484.127 2050.79
176.818 465.429 1863.28
-333.097 441.326 2036.85
24.3741 292.763 1765.28
-317.021 775.473 1990.92
-218.361 194.121 1877.46
7.12192 275.454 1914.51
-120.121 81.9174 1933.76
38.0479 69.6366 1811.07
-235.533 -331.024 1961.29
39.1065 -358.023 1852.35
-371.433 -720.954 1948.74
-24.534 -755.515 1945.2
107.488 752.547 2020.96
52.27 454.982 1956.54
-65.5314 464.992 2042.51
172.083 456.812 1873.97
-239.102 420.762 2037.14
50.2781 282.081 1765.22
-262.727 804.327 1916.24
-222.514 144.603 1862.64
17.1219 270.454 1916.51
-92.8875 89.3771 1930.14
57.033 83.5537 1824.03
-233.022 -316.164 1952.43
45.3826 -344.335 1861.1
-360.498 -709.04 1960.79
-20.2603 -740.276 1959.05
116.311 758.883 2011.75
58.5334 468.512 1962.86
-62.4378 479.286 2045.69
179.445 459.118 1880.78
-244.772 410.027 2037.2
88.1867 280.058 1761.18
-298.243 742.879 1856.74
-178.644 123.162 1822.02
20.1219 276.454 1930.51
-94.7443 92.6686 1951.49
60.9183 80.4331 1844.94
-264.659 -301.32 1974.85
27.0466 -346.138 1884.1
-385.863 -695.234 2004.1
-39.6986 -742.437 1980.05
142.127 768.604 1999.79
72.2101 477.034 1962.6
-51.5369 495.03 2044.26
195.207 455.724 1880.48
-230.681 405.12 2039.53
133.575 270.83 1751.55
-305.597 710.544 1775.88
-128.227 91.2462 1767.78
24.1219 279.454 1937.51
-103.178 97.7447 1967.28
57.0056 71.8764 1860.44
-283.779 -292.143 1966.22
22.0584 -355.962 1879.5
-393.818 -686.186 2023.86
-45.9428 -752.461 1973.66
151.081 737.919 1983.96
82.1239 484.207 1961.84
-47.1547 511.82 2043.62
211.067 456.794 1880.04
-242.721 397.8 2034.24
184.674 274.897 1745.94
-284.818 548.801 1828.33
-67.7344 74.2933 1719.49
27.1219 281.454 1943.51
-111.027 98.6733 1978.58
55.83 62.4225 1873.33
-283.704 -294.353 1959.51
25.1426 -366.143 1879.68
-391.834 -682.782 2049.79
-43.8397 -762.269 1974.8
161.299 716.863 1970.65
87.6519 475.948 1956.92
-39.4373 512.556 2029.78
217.107 442.093 1884.14
-222.323 410.194 2018.18
222.836 270.93 1749.51
-245.078 477.676 1815.74
-32.4182 16.9648 1665.71
29.1219 279.454 1947.51
-111.986 108.477 1984.59
52.9081 63.3102 1890.63
-279.649 -286.275 1957
23.3406 -365.42 1886.41
-387.788 -667.386 2074.59
-45.5632 -762.138 1979.32
176.152 705.68 1961.05
99.3078 470.267 1953.73
-29.6977 511.367 2016.42
229.664 431.529 1890.27
-197.444 420.286 2006.59
263.472 266.804 1755.03
-214.458 420.286 1795.13
92.3038 71.3217 1661.67
37.1219 276.454 1947.51
-107.635 111.309 1982.17
59.5537 60.2932 1900.61
-270.945 -285.302 1954.6
30.9742 -368.401 1888.96
-374.818 -657.773 2100.44
-36.8683 -766.062 1978.72
195.885 702.155 1958.77
113.235 470.004 1952.7
-19.7808 513.598 2003.16
242.683 421.468 1902.22
-247.417 373.583 1976.97
301.031 271.731 1770.06
-246.126 284.559 1654.41
86.1136 -16.259 1595.26
43.1219 277.454 1948.51
-109.855 118.359 1977.07
60.503 58.6579 1911.7
-277.387 -277.143 1961.16
23.5215 -369.271 1895.85
-373.949 -639.252 2135.39
-45.3755 -766.994 1984.58
177.738 708.417 1969.21
102.499 477.924 1960.85
-35.3453 517.267 1995.88
238.734 430.388 1925.55
-237.347 354.594 1934.21
330.924 296.477 1792.31
-157.385 172.039 1600.78
159.737 1.32731 1584.23
39.1219 281.454 1954.51
-112.209 116.741 1970.98
65.8102 60.7633 1924.74
-272.039 -282.304 1969.92
24.5606 -366.54 1902.53
-372.801 -631.825 2166.2
-44.4182 -764.736 1989.28
145.216 679.376 1976.1
92.0611 487.427 1966.25
-54.2402 525.881 1987.42
236.889 446.654 1944.83
-187.418 373.475 1909.8
319.729 360.628 1856.53
-97.837 241.64 1761.9
243.638 153.617 1668.54
35.1219 285.454 1955.51
-115.542 110.387 1958.69
73.2289 58.9298 1931.16
-258.777 -281.19 1981.36
26.5923 -367.159 1898.31
-393.87 -694.116 2234.98
-41.349 -766.445 1980.88
127.552 687.96 1985.63
79.8412 488.997 1971.42
-67.3742 522.493 1978.8
227.178 453.948 1962.93
-163.089 359.175 1885.76
338.772 370.129 1872.66
-25.226 201.226 1770.72
313.989 189.889 1654.12
32.1219 286.454 1955.51
-111.575 107.89 1944.94
80.7873 63.2285 1934.35
-256.041 -293.641 1996.99
26.9314 -361.283 1893.17
-364.584 -628.239 2214.08
-41.9559 -759.994 1977.71
98.7219 708.571 1994.51
64.6247 489.689 1975.81
-78.934 512.437 1972.79
208.631 466.943 1977.92
-134.588 355.435 1880.81
379.791 364.633 1873.04
67.6166 154.335 1789.1
405.685 211.735 1600.53
34.1219 293.454 1957.51
-88.7129 114.237 1939.39
96.5288 85.096 1942.41
-230.436 -283.433 2014.48
34.2934 -336.839 1898.11
-336.34 -610.774 2241.69
-33.3095 -735.176 1980.27
81.8559 711.007 2000.89
56.9707 494.614 1979.25
-88.3002 509.769 1966.67
201.401 472.952 1991.15
-115.7 350.404 1874.97
411.092 364.518 1912.21
180.665 90.7317 1812.87
523.979 281.823 1620.81
33.1219 293.454 1958.51
-83.2567 109.273 1930.17
104.009 85.856 1946.36
-235.666 -281.275 2020.14
20.5595 -331.392 1893.54
-336.886 -607.43 2251.13
-44.951 -730.694 1972.57
73.9324 707.678 2014.18
49.8516 489.855 1982.44
-93.5213 502.586 1963.56
190.95 465.338 2000.75
-97.4184 312.927 1855.74
416.979 380.179 1945.04
93.4257 159.075 1845.66
571.906 363.366 1686.83
27.1219 290.454 1953.51
-85.5117 110.041 1913.64
97.7234 86.6052 1936.61
-235.551 -276.68 2020.36
5.97306 -328.908 1883.88
-345.097 -626.617 2267.85
-58.602 -729.898 1954.7
65.2354 708.704 2022.37
41.8855 487.436 1985.67
-101.998 503.182 1961.67
184.711 464.219 2008.39
-81.9414 311.675 1856.21
429.757 389.152 1975.6
198.532 102.787 1873.81
626.599 415.239 1746.74
20.1219 288.454 1952.51
-90.9552 108.946 1905.9
91.5144 85.1844 1934.66
-229.938 -271.151 2038.56
1.07018 -331.28 1893.65
-331.031 -623.138 2274.75
-62.5272 -732.673 1959.33
60.7015 713.811 2031.62
36.1616 482.435 1988.38
-108.47 498.799 1959.78
180.289 458.009 2015.54
-73.368 265.075 1826.22
424.904 405.36 1996.91
123.37 120.414 1849.37
657.822 477.602 1780.19
15.1219 280.454 1950.51
-99.3838 97.4498 1896.32
87.7134 70.8594 1932.11
-225.945 -284.344 2042.92
1.51422 -346.471 1891.11
-320.539 -616.368 2267.11
-60.9306 -748.199 1955.64
53.7084 713.247 2037.32
30.1277 478.619 1992.52
-113.835 495.444 1960.77
173.964 454.722 2021.55
-71.8755 275.579 1831.54
422.511 421.381 2006.39
132.548 139.856 1863.38
672.279 523.228 1817.25
10.1219 276.454 1952.51
-104.195 92.106 1894.84
84.2732 65.3293 1935
-222.652 -284.417 2060.89
-0.00400443 -352.896 1898.13
-317.268 -621.706 2277.28
-61.4131 -755.699 1957.46
46.8599 707.963 2041.89
27.17 478.634 1996.72
-117.03 493.694 1962.72
169.934 453.757 2029.69
-59.5147 275.959 1835.36
420.957 414.82 2028.86
158.607 142.272 1884.61
693.594 526.795 1864.55
8.12192 275.454 1956.51
-103.645 89.1766 1895.45
84.5326 63.7762 1939.99
-219.606 -284.006 2070.45
1.33278 -354.329 1899.97
-316.535 -620.407 2287.11
-61.0615 -757.813 1953
33.8327 706.75 2055.65
19.9608 479.021 2004.79
-125.847 491.813 1965.89
166.366 457.018 2041.85
-62.0239 280.19 1834.89
423.757 422.103 2048.35
186.706 131.559 1906.68
695.189 546.018 1896.11
8.12192 273.454 1958.51
-99.5287 84.282 1888.48
90.6967 61.2687 1937.6
-216.658 -285.043 2071.04
3.18818 -355.187 1889.11
-310.884 -625.306 2283.05
-55.0786 -759.933 1938.01
26.0977 704.049 2065.58
15.845 479.627 2009.76
-130.874 492.82 1968.14
163.975 459.184 2049.21
-56.3151 282.253 1838.68
427.856 429.951 2056.32
203.375 140.041 1918.03
707.1 547.165 1911.52
7.12192 272.454 1958.51
-97.7039 81.8621 1881.21
93.8343 59.9035 1934.19
-218.652 -282.034 2071.58
-1.14453 -354.837 1886.7
-312.74 -620.371 2286.36
-56.2188 -760.101 1933.46
21.815 693.15 2067.5
11.9053 477.339 2011.35
-135.659 493.654 1970.26
158.978 456.976 2052.37
-52.4474 280.731 1838.92
416.398 431.307 2057.5
214.862 139.152 1923.45
711.068 541.518 1907.85
1.12192 272.454 1958.51
-102.954 84.2775 1880.72
86.0774 61.6391 1933.34
-226.122 -273.646 2080.73
-13.0291 -352.71 1891.16
-318.608 -614.475 2292.25
-68.041 -758.553 1932.68
23.7633 690.146 2067.88
12.9272 476.675 2011.54
-133.791 493.982 1970.35
160.126 456.081 2052.53
-51.0533 281.459 1837.32
418.417 409.958 2068.46
210.109 145.737 1920.61
714.088 509.661 1929.79
2.12192 272.454 1957.51
-102.178 85.7578 1879.28
86.7184 62.5299 1932.44
-216.056 -272.746 2083.84
-4.71614 -353.655 1890.41
-308.137 -613.822 2295.25
-59.8586 -759.42 1933.06
23.8053 690.614 2068.36
13.6874 471.392 2008.78
-131.939 489.491 1967.33
160.071 452.986 2048.99
-48.8222 276.453 1834.99
417.976 398.202 2068.37
199.356 144.547 1913.15
707.593 486.347 1910.4
4.12192 269.454 1953.51
-99.0627 85.7858 1874.06
87.9864 62.3817 1925.55
-213.951 -273.635 2076.43
-4.67122 -353.525 1883.44
-304.762 -615.46 2287.18
-57.7249 -759.229 1929.21
24.0734 699.405 2066.56
13.6796 473.05 2005.35
-132.085 491.11 1966.3
159.261 454.968 2044.35
-53.2837 282.013 1835.22
414.969 393.026 2055.47
194.505 141.83 1907.29
683.48 451.025 1884.69
3.12192 272.454 1951.51
-98.9012 90.8533 1873.97
86.7386 68.5114 1922.96
-215.762 -268.151 2076.11
-5.92589 -348.479 1892.42
-305.005 -610.093 2287.47
-58.9735 -754.137 1939.23
29.6355 705.071 2058.88
16.7494 474.294 2000.3
-128.511 491.265 1963.24
162.543 455.013 2036.67
-66.2351 280.789 1829.23
411.658 371.975 2056.56
175.585 132.577 1879.93
655.917 396 1890.38
5.12192 273.454 1948.51
-97.4133 91.7337 1875.42
87.2139 69.7448 1923.17
-216.513 -273.997 2063.02
-0.197186 -348.354 1896.84
-302.483 -614.472 2277.52
-55.3204 -752.937 1947.81
59.384 706.749 2052.16
34.2105 471.796 1997.01
-111.064 493.737 1962.08
179.204 446.937 2029.98
-85.4871 284.472 1827.99
425.883 354.201 2048.53
163.411 122.942 1852.37
643.521 348.397 1866.68
13.1219 271.454 1948.51
-99.4007 94.0539 1881.6
85.1484 64.5051 1924.16
-223.87 -280.408 2047.21
-1.1038 -354.134 1903.13
-307.287 -617.827 2267.47
-55.1528 -758.461 1957.17
77.3973 700.701 2033.37
45.8138 477.36 1992.77
-101.022 503.303 1960.84
192.569 449.844 2023.21
-113.913 280.116 1823.06
421.111 345.168 2029.31
131.593 104.605 1811.57
626.961 288.345 1800.95
17.1219 275.454 1954.51
-110.536 87.7218 1895.51
84.9344 51.5656 1937.29
-236.395 -297.259 2034.06
5.94084 -368.68 1917.28
-318.184 -634.267 2255.77
-52.2665 -771.974 1975.48
90.7636 715.88 2014.43
54.0975 481.69 1986.04
-94.2714 507.183 1959.45
201.267 453.361 2012.43
-152.627 292.685 1834.06
410.26 327.804 2002.71
59.649 107.701 1775.44
581.385 192.33 1743.65
21.1219 277.454 1960.51
-108.9 89.8817 1917.88
86.1391 54.6907 1953.05
-237.768 -309.501 2005.21
13.4848 -366.494 1920.41
-314.659 -644.384 2232.85
-46.9214 -769.549 1981.85
104.471 713.914 1996.45
62.7085 483.061 1976.73
-86.389 508.906 1960.57
211.959 452.734 1992.43
-200.984 306.402 1850.69
392.116 284.095 1967.75
-53.8517 94.8994 1736.25
490.628 81.1363 1723.25
26.1219 276.454 1959.51
-108.799 90.5396 1931.89
86.7058 53.2507 1953.13
-238.158 -316.779 1965.03
19.1645 -367.827 1909.86
-312.228 -662.439 2176.95
-47.5488 -770.192 1969.28
122.576 707.675 1987.61
72.9243 480.199 1971.44
-74.7644 509.524 1964.91
218.918 444.188 1977.48
-224.801 340.378 1886.35
356.922 252.865 1939.84
-159.355 116.145 1709.33
387.133 2.71375 1709.02
28.1219 276.454 1956.51
-111.665 96.7288 1938.64
81.4841 54.635 1946.05
-239.555 -312.52 1930.12
14.0259 -366.979 1905.99
-310.043 -670.145 2122.92
-53.7338 -769.367 1965.41
135.525 702.112 1981.09
80.6703 476.981 1966.23
-65.2192 508.416 1968.04
224.524 438.858 1963.89
-257.499 346.458 1911.84
318.757 248.297 1918.52
-287.603 140.191 1688.85
295.735 37.4116 1761.96
32.1219 276.454 1952.51
-108.398 103.113 1940.2
79.1868 58.5236 1937.16
-224.113 -307.73 1908.35
18.1192 -363.685 1902.42
-297.037 -679.643 2068.79
-50.6122 -764.618 1964.9
147.146 704.043 1970.8
87.3884 478.802 1958.16
-58.2807 512.095 1967.24
230.724 436.609 1948.55
-280.472 366.167 1934.97
281.489 276.035 1904.41
-388.135 205.689 1722.69
204.177 -7.44551 1738.07
34.1219 277.454 1947.51
-112.297 105.075 1942.32
76.5765 55.8624 1930.94
-216.965 -307.253 1894.74
17.5451 -366.845 1898.26
-291.162 -692.868 2018.05
-51.1072 -766.276 1970.04
148.97 698.154 1962.08
90.8984 488.45 1952.4
-58.3834 518.922 1970.11
235.511 439.301 1934.99
-292.803 384.848 1970.95
278.544 186.895 1854.71
-477.89 266.971 1793.1
100.759 -294.846 1642.52
33.1219 278.454 1943.51
-119.846 100.711 1946.74
72.9259 48.2368 1923.07
-213.888 -312.441 1885.46
21.2756 -375.507 1890.39
-286.367 -710.552 1961.09
-50.4997 -772.871 1970.49
150.742 700.836 1956.8
90.0995 493.376 1948.28
-57.962 528.371 1974.88
236.091 445.211 1922.18
-307.477 401.014 1998.28
246.814 185.39 1834.75
-534.359 321.354 1849.04
43.0354 -288.257 1665.85
30.1219 283.454 1940.51
-125.607 107.178 1949.16
66.8297 52.4113 1914.6
-205.886 -307.946 1879.45
20.4222 -372.639 1886.12
-272.563 -714.359 1892.15
-52.5332 -769.725 1968.46
126.343 709.259 1966.71
76.3615 499.762 1950.76
-71.7426 527.693 1984.83
223.599 463.302 1917.18
-323.69 403.688 2024.2
214.478 206.39 1829.01
-587.672 352.329 1921.48
0.453534 -223.317 1691.3
28.1219 291.454 1936.51
-115.166 109.957 1943.94
76.0024 68.0121 1900.33
-187.983 -306.898 1876.4
39.1766 -358.115 1874.03
-218.863 -714.723 1826.35
-34.7749 -753.912 1961.52
112.963 751.747 1971.2
59.2212 478.903 1949.15
-75.2585 503.921 1985.66
194.072 456.526 1913.88
-318.921 394.989 2038.21
176.463 232.828 1835.61
-544.873 379.378 1980.7
60.6502 27.3791 1773.74
22.1219 291.454 1934.51
-102.022 120.756 1943.24
71.6142 89.6035 1896.66
-175.96 -297.521 1886.2
28.4059 -336.157 1873.48
-189.775 -697.083 1786.31
-45.5293 -730.825 1966.16
97.2238 755.332 1975.46
52.6759 486.695 1949.81
-85.9371 504.613 1990.1
189.494 465.868 1908.32
-344.679 409.137 2057.89
171.976 328.112 1859.35
-564.877 413.708 2025.13
17.5856 73.1181 1784.65
19.1219 290.454 1931.51
-103.155 108.554 1939.59
77.5978 83.7726 1887.15
-165.313 -311.797 1883.76
36.4948 -342.012 1860.8
-174.828 -699.8 1745.26
-39.4603 -735.314 1957.57
82.5441 745.442 1980.26
45.4153 481.563 1949.76
-91.4559 493.552 1993.86
182.275 465.622 1905.49
-349.904 420.089 2077.95
159.048 321.19 1851.01
-578.773 445.691 2072.52
4.6298 84.8559 1778.51
18.1219 285.454 1926.51
-98.2548 100.857 1932.53
81.3092 82.8541 1875.36
-148.97 -318.598 1860.68
41.2634 -342.896 1846.9
-160.512 -700.556 1706.43
-38.9899 -734.782 1945.92
69.6666 722.675 1980.51
40.2665 477.674 1948.66
-96.2962 487.209 1994.77
177.325 465.687 1902.48
-344.913 423.804 2090.71
143.986 274.54 1827.47
-598.587 462.239 2102.67
-11.1195 40.9476 1752.72
17.1219 282.454 1924.51
-93.9932 97.924 1930.46
82.534 84.2362 1870.99
-144.648 -321.032 1853.42
36.1755 -341.418 1844.65
-155.115 -697.841 1685.95
-40.993 -733.518 1946.85
67.6583 709.791 1983.04
40.6507 476.117 1950.16
-97.0127 480.692 1995.6
176.538 462.941 1902.46
-338.291 425.678 2096.98
138.053 254.634 1815.71
-572.911 464.912 2123.66
-8.09995 30.4737 1741.29
18.1219 277.454 1922.51
-93.2071 89.9003 1925.52
84.3021 77.9111 1864.35
-144.863 -327.566 1841.18
32.6423 -346.964 1834.83
-155.318 -704.97 1674.96
-38.3339 -739.421 1940.25
57.194 710.295 1987.6
33.878 477.135 1952.62
-103.899 477.19 2001.18
170.243 464.808 1903.36
-346.829 425.801 2105.52
139.759 277.546 1822.25
-642.921 476.137 2153.88
-20.3162 29.5283 1740.24
14.1219 276.454 1923.51
-91.7175 88.5153 1926.48
83.1691 81.1495 1863.34
-148.756 -326.596 1834.58
27.2049 -343.334 1836.94
-156.054 -708.197 1678.19
-41.5688 -736.177 1942.19
47.4304 718.503 1992.43
27.3334 482.068 1955.78
-111.542 476.54 2009.09
164.91 470.519 1899.78
-355.693 421.762 2112.38
140.542 275.007 1815.34
-520.108 445.172 2140.69
-3.65862 24.3498 1733.07
10.1219 274.454 1923.51
-95.6249 79.2296 1927.58
82.325 75.1332 1857.41
-165.288 -333.471 1833.64
22.2023 -348.89 1833.15
-167.377 -719.915 1689.5
-43.5528 -741.333 1941.7
44.0568 737.735 1999.37
24.6888 480.787 1956.76
-114.425 483.622 2013.6
164.584 480.825 1899.56
-347.76 418.681 2110.26
148.562 293.368 1818.91
-579.943 440.976 2141.01
18.4129 35.9828 1738.3
9.12192 279.454 1922.51
-95.5824 82.364 1925.59
84.1169 81.1801 1852.65
-176.832 -329.162 1835.9
20.8388 -342.783 1836.83
-171.622 -716.843 1695.21
-38.4458 -734.894 1950.2
45.1425 731.446 1993.14
22.9794 485.189 1954.97
-119.608 494.28 2014.83
167.205 486.401 1897.67
-341.458 410.716 2099.87
165.478 285.992 1811.87
-576.984 420.888 2103
64.0686 33.8397 1741.52
5.12192 282.454 1924.51
-102.536 85.5944 1930.66
77.1831 80.6832 1857.6
-194.499 -326.656 1855.61
6.48584 -342.445 1855.49
-230.191 -721.358 1741.19
-49.8372 -736.706 1962.92
51.9285 731.862 1988.59
24.131 491.353 1954.75
-115.819 501.266 2010.79
165.357 484.273 1899.14
-337.782 389.895 2090.23
175.108 287.53 1816.54
-553.938 378.867 2061.56
96.6843 29.4616 1746.32
1.12192 288.454 1926.51
-111.512 94.1867 1934.78
68.02 83.6434 1862.7
-207.509 -318.282 1865.15
-1.67661 -339.816 1866.92
-265.302 -716.529 1773.73
-54.9551 -735.749 1970.35
50.0465 691.539 1981.42
22.7473 497.52 1956.07
-114.088 501.688 2007.08
159.297 477.024 1903
-289.816 385.25 2069.94
193.846 228.566 1801.56
-571.142 338.362 1988.4
123.171 -74.1751 1721.39
-4.87808 292.454 1929.51
-121.029 101.269 1937.73
58.652 86.4942 1869.05
-219.286 -311.834 1875.4
-6.91576 -337.581 1876.46
-292.906 -713.591 1816.5
-58.9781 -735.337 1973.29
49.9872 691.78 1980.26
23.0812 507.149 1957.06
-119.014 509.532 2005.36
161.379 480.284 1904.59
-302.915 359.57 2059.82
216.836 236.276 1811.43
-580.424 285.418 1912.64
174.116 -67.9736 1732.24
-8.87808 294.454 1929.51
-133.697 96.4658 1938.12
55.3736 77.0696 1870.61
-230.938 -318.922 1887.38
-3.88035 -348.289 1882.25
-320.197 -721.112 1856.93
-55.0076 -748.96 1968.85
48.2862 687.258 1978.7
20.3009 507.611 1957.03
-122.993 512.539 2002.79
161.927 479.824 1909.52
-311.882 328.022 2042.14
239.425 236.798 1825.25
-507.069 244.235 1874.57
226.449 -82.1898 1745.24
-11.8781 293.454 1931.51
-140.227 95.4926 1938.04
52.0861 73.3742 1875.13
-242.651 -320.539 1906.36
-3.91237 -352.426 1886.76
-338.143 -722.445 1904.26
-53.0088 -753.554 1972.41
49.5563 698.157 1984.58
19.7676 512.908 1961.3
-127.571 519.591 1999.26
165.341 482.036 1920.66
-300.578 314.417 2002.74
268.506 243.325 1853.64
-404.595 182.124 1791.68
293.621 -78.7968 1776.12
-13.8781 296.454 1935.51
-145.987 96.0898 1935.51
51.1595 71.5787 1882.6
-262.612 -317.4 1931.27
-6.93808 -354.118 1882.6
-362.759 -711.594 2003.72
-51.7886 -754.644 1973.34
65.0182 701.679 1984.16
27.7517 512.479 1963.14
-122.169 528.047 1992.05
174.818 476.573 1930.93
-275.85 313.725 1970.45
295.032 238.502 1877.5
-285.373 152.888 1740.83
348.028 -59.0923 1806.16
-13.8781 296.454 1939.51
-155.006 100.875 1937.29
45.9667 67.0494 1895.18
-281.145 -309.34 1957.43
-14.1721 -358.143 1881.46
-378.866 -690.664 2082.76
-56.9918 -758.141 1975.46
84.7692 703.552 1986.62
39.5946 510.086 1966
-111.418 531.599 1987.33
185.748 467.493 1943.51
-246.955 316.334 1941.89
318.733 229.96 1899.18
-162.654 104.951 1688.98
400.34 -57.1773 1835.71
-9.87808 296.454 1943.51
-158.055 107.364 1936.87
42.0037 64.6422 1907.08
-287.467 -301.03 1971.88
-17.2943 -359.974 1876.37
-380.657 -665.316 2143.43
-56.9314 -760.517 1970.25
92.9725 707.049 1993.57
42.3897 505.75 1970.86
-107.178 530.301 1983.47
187.833 459.39 1957.03
-219.904 317.71 1917.65
331.986 226.661 1919.68
-106.044 161.809 1767
439.862 -47.0247 1866.75
-9.87808 294.454 1947.51
-161.969 110.402 1934.28
37.4454 62.2393 1915.59
-292.105 -295.873 1987.18
-23.9416 -361.119 1873.26
-385.059 -644.452 2188.94
-62.5616 -762.976 1961.98
107.129 694.976 2011.19
46.5284 490.848 1982.48
-102.649 522.663 1985.26
188.844 436.523 1977.78
-201.637 291.422 1888.7
352.397 211.873 1947.7
3.08134 96.7725 1752.22
481.411 -56.3135 1898.94
-15.8781 282.454 1953.51
-176.056 105.591 1926.81
22.7302 47.4958 1922.62
-302.429 -294.767 2019.2
-46.1546 -373.231 1867.52
-393.151 -642.69 2223.09
-79.5541 -779.244 1937.45
102.2 688.95 2031.04
37.4569 482.851 1995.43
-112.126 517.599 1992.5
180.795 424.572 1994.58
-181.871 287.756 1879.17
362.588 204.661 1969.17
45.5196 115.904 1791.14
506.618 -56.8408 1925.24
-27.8781 274.454 1960.51
-191.636 99.557 1923.75
6.67626 37.0327 1925.96
-302.201 -298.054 2044.94
-59.9088 -383.616 1865.71
-393.267 -639.55 2259.74
-85.0433 -793.099 1918.08
105.95 694.937 2052.89
32.3983 474.284 2008.53
-117.744 516.703 2003.66
178.727 415.636 2008.98
-172.072 292.406 1880.26
359.014 208.259 1988.43
202.005 44.0823 1783.16
513.964 -38.0707 1950.68
-36.8781 266.454 1966.51
-203.822 96.1722 1924.22
-6.81875 29.3198 1927.54
-305.991 -295.476 2070.02
-71.3418 -390.609 1859.85
-387.347 -645.584 2274.78
-87.0257 -801.528 1904.81
89.3605 685.676 2071.96
12.4914 456.288 2018.27
-139.177 500.642 2015.5
160.253 398.498 2018.76
-174.378 273.058 1874.69
346.433 201.473 2005.2
133.417 89.3733 1821.32
502.903 -35.662 1966.33
-56.8781 250.454 1970.51
-222.681 82.4411 1922.98
-25.941 16.2163 1924.1
-317.166 -303.993 2087.53
-91.5226 -401.602 1843.71
-395.205 -652.241 2297.26
-100.951 -813.317 1885.62
86.8582 681.672 2084.81
7.3649 445.716 2026.77
-142.992 492.372 2023.64
154.725 390.139 2026.83
-173.886 272.149 1879.47
337.833 191.846 2016.11
65.2296 137.119 1848.52
493.235 -37.4668 1975.37
-61.8781 242.454 1976.51
-227.722 76.611 1926.76
-30.9915 9.70198 1927.97
-308.463 -300.534 2119.05
-83.9697 -410.945 1850.63
-377.912 -659.817 2313.5
-93.3916 -823.416 1889.36
83.7904 680.669 2088.86
3.08948 441.129 2028.65
-146.769 488.402 2025.46
151.475 385.876 2029.87
-171.567 269.868 1881.32
329.086 185.628 2022.03
9.44719 168.837 1861.68
482.509 -44.5069 1978.47
-64.8781 239.454 1978.51
-228.84 74.3993 1927.13
-35.3956 7.96251 1930.46
-304.258 -299.505 2127.9
-86.3672 -410.429 1840.2
-375.101 -655.688 2327.63
-92.6475 -821.789 1890.44
85.8606 695.706 2077.54
3.02549 440.41 2021.86
-143.324 486.791 2019.3
148.642 389.925 2022.39
-166.83 307.403 1904.87
311.934 185.388 2019.87
100.318 142.432 1866.55
476.95 -76.5068 1965.57
-61.8781 242.454 1977.51
-221.498 78.549 1933.59
-29.7649 15.5212 1935.76
-285.187 -292.968 2142.7
-77.392 -404.656 1852.15
-361.218 -649.805 2339.36
-79.4864 -816.195 1901.37
91.796 709.395 2060.01
9.54496 447.562 2012.03
-136.774 491.647 2009.43
154.977 398.75 2014.88
-176.2 297.193 1894.5
304.334 188.483 2014.05
54.484 131.297 1841.49
470.014 -85.4415 1951.09
-52.8781 248.454 1976.51
-209.718 82.0122 1939.17
-18.8025 21.6388 1943.5
-271.227 -292.342 2143.84
-65.4617 -400.415 1869.27
-351.575 -648.762 2339.56
-72.7905 -812.921 1909.05
100.995 754.904 2025.23
16.5705 463.942 1995.07
-132.153 505.485 1994.93
165.789 418.625 1996.03
-193.778 306.067 1895.91
300.849 199.677 1997.71
-6.68216 125.52 1819.2
447.251 -96.614 1923.34
-41.8781 260.454 1974.51
-196.791 87.2534 1952.99
-3.13713 31.2372 1954.06
-262.573 -296.828 2136.55
-40.2077 -393.486 1892.63
-342.51 -649.798 2337.95
-62.1839 -805.802 1925.07
97.8698 775.633 1996.56
18.2433 477.033 1981.25
-131.307 517.532 1984.52
169.658 436.883 1979.08
-216.54 310.007 1899.29
294.733 211.24 1982.46
-77.2627 128.779 1812.87
407.519 -93.3963 1901.07
-35.8781 272.454 1971.51
-187.129 95.4585 1964
6.87572 43.7217 1960.82
-267.846 -297.507 2121.19
-29.171 -382.478 1908.87
-339.889 -654.589 2318.52
-64.8427 -794.8 1927.76
92.3687 788.427 1973.86
18.4064 486.414 1970.78
-132.851 524.167 1977.3
169.906 447.468 1963.17
-214.2 354.637 1921.41
289.73 220.66 1968.31
-86.349 106.211 1806.03
372.751 -106.543 1880.4
-33.8781 279.454 1967.51
-182.646 98.3455 1969.67
13.3019 49.9882 1960
-272 -300.555 2105.82
-18.5507 -377.898 1920.72
-334.635 -662.797 2296.86
-64.6319 -789.487 1931.19
71.976 790.514 1955.66
13.0791 489.989 1960.19
-140.802 518.651 1970.09
167.763 457.708 1949.22
-241.1 340.343 1926.21
286.298 224.177 1954.53
-153.063 70.929 1806.35
337.763 -106.673 1867.53
-27.8781 277.454 1963.51
-169.013 87.0866 1973.36
31.9422 47.962 1960.25
-266.669 -314.154 2096.49
1.12679 -381.329 1938.99
-314.77 -684.318 2276.34
-51.1668 -792.357 1941.09
57.3714 786.124 1945.58
8.31433 488.808 1953.01
-145.567 513.931 1969.5
163.179 461.143 1936.66
-252.063 350.504 1943.38
279.352 223.477 1942.87
-201.307 69.233 1830.23
298.046 -113.021 1856.88
-26.8781 275.454 1958.51
-161.282 80.9516 1974.9
39.5035 48.0161 1953.07
-271.931 -304.271 2085.55
1.25041 -381.268 1946.69
-304.37 -708.086 2261.17
-58.3827 -791.376 1941.46
42.3922 776.339 1940.78
3.05284 484.936 1948.06
-147.952 506.487 1968.54
155.71 463.567 1927.64
-283.109 312.708 1958.77
269.565 217.926 1932.12
-270.387 79.4694 1876.5
258.571 -50.9259 1871.15
-24.8781 275.454 1954.51
-150.33 81.9601 1973.65
46.3421 55.4161 1947.07
-267.05 -317.009 2086.12
8.2299 -373.346 1959.77
-290.109 -705.857 2226.57
-57.7778 -781.965 1948.25
29.7198 768.297 1938.17
-1.41604 482.413 1945.24
-151.681 501.196 1971
149.387 465.826 1918.51
-299.993 298.474 1982.41
260.161 216.586 1921.27
-313.809 56.6884 1907.28
233.235 -52.6759 1875.4
-24.8781 274.454 1949.51
-142.866 81.2892 1971.44
49.1286 59.731 1938.04
-261.817 -319.11 2076.58
10.9094 -368.112 1969.89
-277.541 -715.343 2196.08
-60.1563 -775.694 1951.08
23.8457 766.512 1937.12
-2.67329 484.573 1941.31
-153.037 500.144 1971.39
148.804 470.827 1911.23
-302.25 300.901 2007.37
252.765 218.888 1913.11
-342.772 55.1213 1941.3
201.761 -107.781 1871.82
-21.8781 275.454 1944.51
-136.703 80.2514 1967.47
54.3033 61.5204 1928.86
-250.094 -323.505 2063.91
11.8429 -364.146 1975.56
-259.523 -725.783 2160.29
-56.1021 -771.816 1955.7
15.2092 763.503 1939.51
-6.73798 486.421 1939.51
-157.656 499.777 1972.95
144.557 475.121 1907.12
-301.666 299.763 2029.85
240.935 220.947 1905.23
-364.068 59.6882 1977.85
178.633 -121.077 1877.26
-23.8781 276.454 1939.51
-135.097 78.1494 1960.49
56.4159 63.7276 1918.65
-237.816 -330.61 2047.33
21.392 -358.682 1992.95
-255.608 -735.645 2130.01
-60.4247 -762.521 1955.19
8.35226 763.148 1943.44
-14.7306 487.512 1940.72
-163.672 501.072 1981.8
134.96 477.66 1899.84
-297.82 301.183 2052.87
224.758 226.036 1897.97
-375.291 58.2041 2010.62
160.666 -105.518 1886.87
-31.8781 277.454 1937.51
-142.786 78.8767 1961.8
46.786 64.537 1909.19
-232.646 -334.479 2041.09
7.5442 -358.638 1977.07
-250.482 -742.601 2107.19
-71.0779 -764.328 1955.05
1.5117 759.567 1946.18
-22.7274 487.55 1940.8
-168.483 501.162 1988.38
125.583 477.521 1893.25
-293.816 304.836 2069.02
215.234 223.828 1896.11
-375.655 52.9543 2039.92
148.393 -110.376 1892.4
-39.8781 277.454 1936.51
-150.928 77.5648 1962.95
37.1202 63.336 1901.7
-220.894 -342.231 2025.5
6.38056 -360.659 1967.42
-233.467 -751.907 2081.03
-69.8824 -767.046 1956.97
-2.29749 770.249 1950.09
-26.0831 487.62 1941.7
-170.293 503.145 1993.22
118.948 480.399 1891.75
-307.474 286.439 2091.63
201.275 223.006 1894.59
-359.076 118.43 2085.63
139.802 -110.178 1894.59
-43.8781 282.454 1937.51
-151.193 87.4312 1964.34
31.2767 74.4921 1900.45
-201.066 -337.028 2013.15
9.05796 -350.837 1960.75
-213.625 -748.326 2055.01
-68.4214 -757.08 1967.04
-3.1021 770.482 1956.98
-28.3381 488.68 1945.76
-170.673 505.113 1998.31
116.324 483.642 1894.04
-286.832 320.12 2087.79
195.939 224.656 1894.04
-342.204 106.216 2091.59
137.107 -107.496 1891.59
-45.8781 286.454 1937.51
-152.119 93.3815 1962.03
27.3055 81.1338 1896.85
-192.399 -333.796 1992.77
10.3698 -345.434 1949.78
-196.582 -745.78 2029.36
-69.0375 -750.829 1970.67
-0.927689 765.918 1961.91
-27.867 493.832 1947.1
-172.655 511.968 1999.53
119.626 488.378 1895.52
-280.775 338.322 2089.63
196.922 229.435 1891.66
-335.194 78.9234 2104.14
141.212 -99.9826 1886.82
-47.8781 288.454 1935.51
-161.08 89.558 1957.73
25.9963 75.274 1891.18
-198.083 -337.57 1975.7
12.288 -350.738 1940.75
-192.866 -748.698 2010.13
-68.0531 -754.531 1967.87
4.89831 768.316 1962.95
-24.6947 497.943 1948.16
-168.332 513.109 1998.4
120.24 486.109 1898.27
-281.722 329.94 2095.22
195.72 223.399 1888.47
-326.777 82.1361 2117.75
138.729 -105.207 1883.62
-47.8781 292.454 1935.51
-163.703 93.7453 1956.76
23.2202 77.0374 1892
-205.954 -332.99 1971.55
11.6356 -349.486 1937.29
-186.125 -744.192 1998.69
-66.6027 -753.195 1970.67
-2.43968 762.271 1965.57
-30.4823 506.064 1950.28
-174.846 518.796 1999.46
115.943 493.067 1901.1
-291.791 323.564 2102.87
186.455 252.444 1887.88
-337.525 61.9709 2137.63
131.637 -78.9031 1879.35
-51.8781 297.454 1938.51
-168.327 96.6069 1957.74
20.7323 80.6912 1893.66
-220.112 -329.298 1965.14
7.02266 -346.416 1932.68
-190.922 -740.039 1991.2
-63.9077 -751.136 1970.23
-2.17271 762.989 1969.98
-31.3013 508.431 1953.51
-175.883 521.119 2002.76
113.854 494.885 1903.27
-306.653 325.442 2102.99
185.055 259.306 1889.2
-336.462 44.3884 2145.57
131.441 -72.1289 1874.58
-54.8781 299.454 1938.51
-172.58 99.3611 1956.7
16.6051 82.8711 1891.57
-225.452 -326.789 1956.7
4.97396 -345.366 1921.17
-198.332 -737.762 1985.91
-61.7316 -750.811 1961.82
5.69357 762.552 1973.7
-27.3808 508.133 1953.35
-171.901 523.677 1999.12
118.115 492.557 1908.78
-307.403 327.631 2097.14
184.685 251.463 1890.79
-329.349 51.744 2143.12
132.996 -75.5049 1872.76
-53.8781 301.454 1938.51
-174.348 105.954 1952.25
13.6327 86.264 1893.15
-230.332 -319.734 1944.85
2.02271 -342.248 1918.48
-204.228 -730.091 1982.44
-58.5554 -748.539 1960.26
