-115.644 753.561 2019.84
-129.677 495.901 2026.39
-271.343 484.012 2046.46
11.9896 507.79 2006.32
-255.92 215.198 1994.06
90.3245 348.509 1893.6
39.1277 219.511 1852.37
-43.0533 307.513 1604.16
-113.431 286.694 2017.13
-210.265 67.9964 2023.9
15.8965 86.9764 1991.86
-222.136 -415.723 2099.23
43.5246 -337.075 1917.91
-218.275 -859.963 2207.6
81.5193 -797.872 1994.06
-88.151 755.81 1978.81
-118.196 494.07 2022.35
-270.446 484.419 2049.77
34.0538 503.722 1994.93
-239.669 213.718 1956.52
43.5919 275.851 1796.34
15.2701 211.585 1815.54
-50.8525 310.562 1474.79
-105.721 279.063 2015.94
-201.341 57.2031 2029
14.8503 70.9084 1990.06
-220.761 -406.964 2102.64
42.9613 -347.987 1915.41
-217.173 -838.995 2218.83
83.3325 -805.139 1986.45
-75.2003 749.46 1968.39
-112.366 492.318 2012.72
-265.16 485.413 2053.47
40.4273 499.224 1971.98
-232.645 226.185 1947.91
25.9555 247.656 1784.07
20.7968 234.101 1804.56
-51.9992 335.049 1475.09
-102.914 274.009 2011.17
-198.625 50.9459 2037.66
11.7018 60.4516 1981.57
-219.26 -401.607 2109.4
42.1712 -356.15 1908.15
-224.702 -823.816 2235.53
85.1444 -809.079 1974.55
-73.9314 748.694 1968.22
-107.213 503.273 2013.27
-258.362 497.715 2052.79
43.9358 508.831 1973.75
-225.438 245.29 1937.28
13.9683 227.726 1775.3
18.485 250.161 1727.91
-58.0598 369.227 1464.38
-99.7104 278.751 2010.39
-196.714 50.3863 2034.83
12.2983 58.0725 1980.18
-218.916 -398.395 2108.4
45.5742 -365.019 1901.82
-220.685 -794.927 2227.26
90.8076 -808.863 1969.52
-70.5743 697.824 2003.49
-104.846 468.082 2024.43
-259.327 464.404 2048.59
49.6342 471.76 2000.27
-138.016 134.686 1858.44
25.592 275.74 1785.59
-70.3868 323.534 1573.04
-34.4101 581.928 1722.95
-100.654 254.629 2018.74
-198.365 38.7489 2028.98
5.44031 43.6012 1997.11
-222.827 -407.445 2102.53
18.9809 -381.451 2006.92
-223.323 -810.998 2224.61
79.6081 -776.144 1839.34
-75.6894 694.272 2001.31
-102.441 450.671 2025.05
-261.243 446.729 2046.33
56.3597 454.613 2003.77
-155.27 127.382 1875.87
27.8971 279.383 1779.01
-34.814 237.033 1681.06
-35.8904 592.449 1719.23
-98.2179 246.374 2018.73
-195.619 39.5541 2026.03
7.63018 44.599 1998.78
-223.111 -406.555 2099.77
34.5057 -381.415 1992.15
-221.221 -814.194 2220.14
84.0813 -777.096 1841.11
-76.2452 725.088 2008.74
-98.2144 442.46 2023.89
-246.948 439.334 2047.41
50.5196 445.587 2000.36
-182.073 163.163 1872.49
19.2375 263.988 1787.43
21.5688 258.526 1724
-70.1457 488.691 1636.25
-94.6748 249.98 2020.68
-190.331 55.4149 2033.17
8.06115 59.5853 2001.79
-220.409 -393.747 2104.61
44.4097 -343.98 1902.6
-223.827 -837.002 2221.79
86.6819 -793.362 1836.77
-82.1164 743.493 2014.5
-92.1482 493.379 2014.57
-240.826 493.105 2049.25
56.5295 493.653 1979.9
-195.977 233.496 1865.58
19.8374 237.946 1791.71
15.1374 334.74 1714.33
-68.2331 518.028 1616.72
-91.4383 274.425 2015.88
-189.156 55.289 2040.15
7.69887 55.6522 1994.24
-220.332 -394.4 2108.94
41.9769 -360.032 1908.87
-222.052 -829.238 2232.36
89.2801 -793.757 1834.59
-81.524 751.139 2018.3
-89.3574 492.99 2012.29
-237.283 492.932 2048.24
58.5685 493.047 1976.33
-194.29 237.447 1871.02
21.4965 257.44 1786.81
23.4601 338.533 1699.79
-71.5688 491.372 1655.1
-89.3533 286.877 2011.98
-193.15 80.7235 2036.89
14.4513 80.8042 1986.43
-221.441 -378.438 2105.12
43.835 -365.699 1905.33
-218.691 -809.521 2232.49
91.2829 -810.304 1836.14
-79.3272 757.207 2017.21
-88.5091 498.138 2007.74
-236.653 498.188 2042.82
59.6349 498.087 1972.66
-195.156 234.18 1872.09
28.5149 278.321 1779.91
-77.0296 369.456 1699.96
-69.909 561.44 1649.09
-88.1947 290.576 2009.37
-192.976 83.0509 2035.88
17.2154 82.9788 1986.11
-223.421 -375.603 2100.38
44.5829 -381.077 1914.65
-218.046 -811.828 2228.99
92.0615 -817.617 1838.83
-76.4173 761.769 2018.52
-88.6931 508.808 1996.17
-235.797 509.349 2023.87
58.4112 508.266 1968.47
-191.967 255.95 1849.16
44.2775 311.181 1785.48
-73.4258 404.058 1689.65
-45.4517 488.725 1675.82
-88.1578 298.296 2003.13
-195.668 88.1821 2030.43
20.4231 87.3866 1989.74
-223.126 -377.441 2096.16
46.3108 -385.968 1921.3
-216.764 -815.283 2225.06
93.4409 -821.872 1847.46
-82.6866 742.319 2004.96
-94.8717 496.519 1994.15
-234.86 495.226 2024.49
45.1165 497.812 1963.8
-206.981 287.569 1818.78
28.6349 352.266 1750.79
-59.3335 612.174 1704.14
40.0471 555.592 1886.64
-90.9718 289.933 2003.33
-193.76 82.3624 2035.65
19.6159 84.3329 1989.39
-220.731 -381.246 2100.48
47.6455 -378.467 1912.87
-216.478 -810.754 2228.4
94.3007 -818.892 1850.07
-77.9535 730.584 1995.74
-94.915 491.012 1992.25
-234.57 490.007 2024.94
44.7397 492.017 1959.55
-212.997 302.091 1799.93
24.6527 365.14 1734.05
-64.9169 557.062 1681.01
13.6859 546.703 1851.49
-91.0484 284.952 2002.43
-191.87 78.1392 2037.12
17.5061 79.6456 1988.11
-219.319 -381.815 2101.84
45.5403 -382.556 1914.39
-215.149 -807.846 2223.77
95.3117 -815.936 1855.25
-77.3503 730.416 1994.87
-97.7921 487.242 1979.05
-236.531 487.058 2019.55
40.9468 487.426 1938.55
-216.962 311.387 1789.26
13.6906 383.908 1701.31
-60.6283 498.051 1633.65
-70.1866 687.671 1718.81
-92.6674 281.684 1995.67
-189.146 75.9915 2041.95
14.0606 76.2612 1982.63
-216.907 -381.759 2107.13
43.6877 -378.2 1908.58
-216.47 -798.106 2222.36
96.7128 -803.622 1876.19
-76.699 733.224 1996.35
-93.8085 503.864 1978.86
-238.304 504.82 2020.58
50.6874 502.909 1937.14
-202.572 353.883 1793.37
-2.49965 399.672 1734.33
-68.0538 526.692 1622.35
-70.3559 674.383 1711.27
-90.4333 290.678 1995.43
-187.332 78.1549 2040.96
13.2163 76.8285 1983.05
-216.986 -380.141 2104.46
43.7806 -376.21 1910.31
-214.719 -787.643 2213.23
97.8325 -807.117 1882.18
-74.9715 745.509 1993.06
-92.2849 518.25 2004.54
-239.227 516.329 2027.63
54.6571 520.171 1981.44
-213.667 392.757 1830.51
121.189 464.687 1811.55
-67.367 559.329 1597.81
-46.425 556.16 1725.57
-89.7891 308.961 2003.01
-187.862 98.3581 2017.28
13.2753 100.988 1985.67
-212.961 -374.34 2077.12
44.2477 -353.621 1914.21
-214.293 -805.602 2207.09
97.1625 -792.14 1899.02
-73.1263 754.794 1991.07
-91.9735 540.589 2020
-238.93 538.343 2032.6
54.9834 542.835 2007.4
-216.355 404.454 1823.85
126.402 483.797 1815.08
-64.8333 579.497 1597.79
-39.6375 609.234 1724.51
-89.6096 325.419 2009.21
-189.175 108.691 2007.16
14.6835 111.807 1989.68
-210.72 -366.004 2063.81
45.4841 -345.249 1917.72
-205.221 -792.049 2195.04
97.6254 -789.974 1913.12
-71.296 760.072 1991.56
-92.8267 530.871 2015.7
-239.095 528.648 2032.8
53.4411 533.093 1998.59
-209.179 428.511 1797.32
126.397 497.755 1810.29
-64.0222 652.023 1642.26
-1.03238 714.286 1764.32
-90.171 314.38 2010.28
-188.744 96.3511 2016.71
13.7133 99.4269 1993.03
-213.149 -371.948 2076.29
43.0298 -356.847 1926.29
-208.659 -791.931 2199.64
96.2861 -805.258 1925.72
-66.0239 774.58 1992.28
-91.3155 528.402 2010.34
-237.234 527.318 2031.19
54.6033 529.487 1989.5
-213.335 449.538 1783.82
131.745 519.042 1779.13
-71.8662 646.617 1600.47
11.186 720.441 1770.36
-89.8162 309.518 2009.45
-188.181 89.8908 2022.82
11.5475 91.3751 1994.29
-214.318 -375.288 2084.29
40.2367 -362.959 1932.77
-211.656 -789.31 2203.82
93.3023 -812.999 1940.47
-66.9672 768.213 1982.33
-91.5448 525.855 2007.48
-236.904 525.217 2028.73
53.8144 526.492 1986.24
-224.889 488.223 1783.59
127.126 513.45 1792.21
-80.5065 659.442 1593.05
19.4151 737.467 1786.14
-90.4949 308.16 2008.14
-187.304 90.0362 2023.09
8.41375 90.8942 1994.49
-214.036 -379.711 2089.79
27.5067 -369.189 1966.12
-213.941 -792.241 2209.38
91.4669 -811.903 1954.52
-66.3083 763.871 1975.75
-93.5966 524.206 2003.38
-237.406 523.391 2027.68
50.2127 525.021 1979.07
-221.526 504.829 1780
137.993 554.445 1797.02
-101.114 678.338 1609.89
-5.00313 760.273 1789.68
-91.7424 304.693 2006.99
-187.414 84.6265 2027.08
7.63727 85.7315 1994.12
-213.462 -379.498 2092.23
25.3278 -373.601 1965.81
-213.559 -795.504 2215.35
89.717 -810.842 1963.11
-61.8376 769.589 1976.63
-91.4072 534.734 1999.45
-233.475 534.684 2019.7
50.6604 534.784 1979.2
-222.572 533.656 1763.48
59.7722 260.784 1938.38
-147.734 702.029 1656.93
111.612 57.4497 1880.39
-90.6386 311.018 2004.29
-187.91 87.2684 2023.11
8.16979 87.3374 1995.15
-212.463 -374.169 2086.38
25.2122 -369.919 1967.05
-204.599 -778.975 2224.97
86.2396 -809.425 1984.69
-63.2778 772.567 1974.5
-93.2618 531.957 1996.95
-235.166 531.272 2019.88
48.6424 532.641 1974.02
-247.696 538.604 1784.08
58.8932 259.729 1940.48
-159.465 710.507 1671.68
121.221 63.4059 1877.91
-91.2498 310.263 2002.78
-187.338 88.0951 2024.47
8.86278 89.0417 1992.76
-210.664 -372.044 2087.28
27.8826 -363.744 1954.77
-208.729 -785.777 2222.38
81.2366 -809.467 1993.71
-66.4937 776.363 1976.19
-97.6184 532.787 1989.15
-237.137 531.404 2015.55
41.9 534.171 1962.74
-263.952 569.828 1781.97
60.2417 258.584 1944.66
-163.656 726.095 1686.6
122.05 68.6773 1873.41
-93.6204 311.132 1998.66
-187.272 88.5088 2026.66
8.0274 90.445 1989.7
-210.491 -375.013 2093.91
22.5011 -347.211 1936
-211.205 -786.483 2224.89
78.9401 -809.911 1999
-70.5652 778.052 1977.53
-98.2693 535.657 1987.98
-238.599 534.299 2010.8
42.0605 537.015 1965.17
-283.993 605.06 1796.99
63.2328 261.385 1939.82
-166.963 734.646 1711.24
125.939 73.9708 1870.04
-94.4218 311.917 1998.34
-188.4 87.2306 2024.59
7.25144 89.1233 1992.78
-212.244 -372.704 2091.51
21.2806 -343.517 1927.21
-211.942 -781.144 2231.59
77.7103 -810.31 2008.29
-81.8051 771.851 1987.98
-98.8906 537.158 1989.04
-239.807 535.662 2009.22
42.0259 538.655 1968.86
-278.886 629.386 1797.58
73.5214 235.959 1938.88
14.6131 748.155 1819.31
85.3204 -34.1735 1858.88
-95.1689 312.24 1998.35
-190.391 86.2708 2021.83
7.49658 88.3719 1993.5
-212.993 -369.687 2091.26
18.8613 -343.858 1921.46
-210.087 -776.941 2237.39
76.3356 -808.881 2013.81
-86.0241 775.384 1987.5
-98.8114 537.564 1992.45
-239.721 535.842 2013.22
42.0984 539.287 1971.67
-275.585 645.528 1792.27
75.9797 231.152 1936.95
-99.6959 741.042 1697.63
98.0411 -40.3223 1857.89
-94.9592 312.956 1999.96
-190.051 87.1392 2022.05
7.83711 89.5579 1992.88
-212.663 -373.188 2093.66
18.1926 -344.381 1918.36
-209.327 -776.841 2242.92
74.9427 -805.692 2017.14
-91.9837 781.07 1972.08
-101.231 542.528 1990.49
-244.044 540.084 2010.03
41.5825 544.973 1970.94
-236.03 306.019 2128.47
73.9833 242.705 1936.06
-215.813 745.97 1774.95
89.3098 -39.6577 1814.05
-96.1452 317.067 1999.45
-190.462 89.9048 2022.01
8.34265 93.308 1994.8
-214.07 -368.998 2095.24
19.3119 -349.277 1928.23
-209.23 -760.073 2233.48
80.941 -771.401 1863.35
-101.707 829.488 1955.53
-105.311 581.613 1982.95
-252.078 579.705 2005.97
41.456 583.52 1959.92
-237.498 313.812 2127.24
79.5289 440.211 1937.6
-234.956 731.599 1798.73
126.718 116.027 1877.94
-100.683 348.532 1993.14
-196.296 114.148 2019.05
4.18531 116.754 1987.6
-217.334 -358.765 2091.17
19.7795 -349.475 1927.28
-208.177 -766.412 2214.73
81.6826 -778.319 1867.19
-88.9306 861.873 1955.63
-107.273 600.202 1982.3
-256.544 598.206 2002.86
41.9982 602.199 1961.75
-238.179 329.434 2111.52
72.2635 469.527 1917.44
-251.237 713.693 1825.11
130.544 112.131 1878.95
-103.034 366.064 1990.35
-203.272 130.529 2012.78
5.68203 133.324 1984
-221.063 -352.663 2081.28
19.8891 -342.955 1928.14
-207.843 -777.175 2210.01
80.9019 -777.305 1872.71
-90.1948 862.873 1953.19
-108.704 595.951 1984.95
-258.818 593.493 2004.29
41.4099 598.409 1965.62
-236.473 334.701 2099.22
53.2642 340.603 1968.07
-267.165 689.461 1866.07
128.131 115.648 1878.24
-104.061 365.796 1991.74
-203.368 133.939 2011.92
4.5327 137.343 1985.14
-219.446 -350.559 2081.01
17.486 -330.43 1937.16
-208.947 -774.679 2220.33
77.606 -773.683 1875.37
-93.011 857.648 1949.3
-107.156 588.459 1987.23
-255.151 586.373 2007
40.8378 590.544 1967.45
-236.856 337.909 2092.64
56.1945 317.87 1961.97
-264.904 96.624 1908.82
126.407 109.434 1877.64
-103.158 359.006 1992.95
-200.941 128.12 2012.27
2.61992 130.988 1985.06
-219.108 -346.327 2081.68
17.4349 -333.305 1938.25
-212.462 -762.257 2217.43
86.5486 -750.865 1867.34
-97.13 853.505 1948.79
-108.018 595.454 1986.18
-255.642 593.551 2004.74
39.6059 597.357 1967.63
-237.81 385.997 2051.53
143.011 805.118 1842.17
-160.194 1052.9 1717.09
121.833 131.49 1889.83
-104.395 365.523 1991.42
-201.536 134.292 2009.32
-0.00953619 136.89 1984
-216.727 -325.085 2061.02
28.1924 -325.574 1910.54
-213.786 -766.306 2211.98
90.1494 -776.345 1852.38
-96.5042 854.226 1948.47
-101.521 606.072 1979.28
-256.329 606.579 2001.6
53.2857 605.565 1956.96
-237.457 434.901 2014.31
129.719 773.667 1819.5
-165.242 1054.52 1715.26
106.892 205.53 1906.1
-101.081 372.691 1987.63
-201.662 139.641 2010.55
0.379614 138.979 1981.42
-217.61 -330.579 2065.61
24.417 -329.587 1914.96
-215.324 -769.394 2211.37
85.6398 -774.474 1862.95
-92.6671 858.198 1948.64
-104.01 607.7 1979.64
-256.024 607.19 2001.18
48.0041 608.211 1958.1
-235.795 466.426 1986.3
88.0833 509.747 1905.22
-160.684 1028.14 1721.4
69.9602 284.783 1914.02
-102.188 374.197 1986.97
-201.697 140.354 2008.66
0.96547 141.034 1979.94
-218.196 -335.516 2065.42
34.6668 -329.873 1906.76
-215.996 -773.313 2206.75
87.7909 -776.115 1865.81
-81.7377 878.32 1939.89
-100.807 613.175 1972.28
-253.995 612.707 1995.76
52.3822 613.643 1948.81
-241.097 401.77 1993.19
84.7191 481.92 1912.27
-178.54 925.924 1741.89
86.047 300.629 1902.66
-98.7232 379.411 1981.22
-196.41 145.343 2005.45
3.13059 145.952 1974.88
-215.039 -335.939 2065.5
29.1387 -329.07 1910.98
-208.581 -757.238 2208.94
92.2494 -784.233 1864.51
-80.4547 880.605 1938.74
-100.159 615.447 1965.1
-252.238 613.83 1996.4
51.9201 617.064 1933.8
-239.61 371.388 2000.43
81.2179 458.706 1911.07
-262.081 109.892 1898.16
111.997 -42.4005 1885.63
-96.1391 383.492 1972.65
-196.936 150.422 2001.77
12.6975 152.651 1958.62
-210.725 -325.204 2054.4
33.5614 -334.178 1906.52
-210.228 -757.089 2196.86
95.1793 -792.169 1865.5
-77.7465 887.456 1940.7
-100.383 624.908 1976.78
-253.204 619.156 1999.03
52.438 630.661 1954.52
-239.122 575.334 1773.52
105.652 538.926 1768.31
-15.2382 797.014 1666.14
-133.612 671.507 1565.24
-92.7674 399.795 1970.88
-186.177 170.88 1979.69
15.8731 178.486 1950.27
-207.518 -328.158 2044.36
52.3956 -294.207 1896.11
-205.624 -756.08 2190.45
94.3968 -777.568 1872.07
-75.2081 891.959 1939.87
-91.6329 631.998 1961.82
-252.733 628.645 1983.81
69.4676 635.351 1939.82
-220.338 556.202 1753.88
97.8753 508.558 1779.18
21.9923 715.883 1723.76
-94.1919 596.831 1507.29
-87.2008 409.48 1960.36
-183.049 184.876 1972.59
17.5116 189.05 1945.21
-204.803 -316.202 2044.62
58.2902 -295.228 1889.15
-204.834 -741.888 2193.44
118.24 -786.625 1842.65
-71.6079 887.801 1934.81
-92.8718 626.01 1957.3
-250.497 621.999 1978.62
64.7534 630.022 1935.98
-171.58 427.532 1744.1
93.8521 466.936 1785.59
-60.2977 665.485 1617.74
-86.0551 466.036 1537.54
-87.2234 406.764 1957.8
-181.339 184.979 1971.81
18.1895 190.057 1944.82
-204.269 -303.441 2040.88
59.9163 -299.639 1887.37
-207.107 -721.516 2189.91
106.069 -776.447 1824.86
-69.5648 888.988 1933.16
-91.5087 607.142 1947.47
-249.135 601.86 1970.45
66.118 612.424 1924.5
-177.236 326.564 1799.3
37.4201 393.308 1758.84
-77.6476 400.142 1575.5
-61.291 596.685 1561.07
-84.1256 395.562 1949.49
-175.112 180.686 1965.83
21.6269 187.278 1937.16
-203.115 -302.065 2041.76
60.293 -299.894 1878.42
-208.75 -731.554 2192.61
94.438 -772.566 1812.01
-59.095 874.105 1921.93
-74.8437 586.197 1949.23
-219.435 583.742 1975.24
69.7481 588.651 1923.22
-185.281 302.704 1811.17
34.624 377.782 1755.37
36.5446 407.636 1672.53
-72.0602 417.977 1556.89
-71.4294 379.682 1948.72
-173.137 171.383 1967.13
37.1064 174.952 1929.3
-203.946 -307.017 2038.97
62.8606 -307.293 1867.03
-210.932 -741.846 2189.8
89.4464 -765.407 1808.52
-56.7293 854.813 1928.2
-80.402 558.765 1952.5
-230.215 553.588 1981.24
69.4112 563.942 1923.77
-186.756 294.363 1816.79
56.7982 363.85 1748.21
8.78761 375.401 1661.45
-50.4612 316.264 1504.35
-73.7911 354.743 1950.21
-164.823 147.347 1966.65
30.462 154.095 1929.19
-206.885 -325.211 2041.92
66.8863 -321.479 1869.85
-213.403 -755.404 2186.44
82.9361 -769.689 1818.68
-50.3375 759.374 1984.03
-77.8429 541.392 1948.83
-228.433 536.976 1979.1
72.7475 545.809 1918.57
-165.441 268.333 1823.25
60.5781 337.205 1746.66
27.844 341.651 1664.47
-40.7707 231.053 1508.25
-71.2927 338.509 1951.82
-161.003 132.803 1974.15
31.5176 138.449 1935.46
-213.173 -351.651 2047.14
69.4844 -321.239 1865.31
-216.86 -787.985 2173.84
85.2368 -773.37 1825.76
-52.6761 783.393 1971.04
-79.4703 545.077 1948.73
-229.273 541.017 1982.75
70.3327 549.136 1914.71
-180.108 268.327 1843.19
67.6813 321.945 1743.9
-1.1303 176.699 1650.26
-34.7952 174.144 1525.61
-72.7507 335.595 1953.32
-161.251 123.533 1979.54
29.1891 128.694 1936.29
-209.078 -357.85 2050.26
67.3568 -326.901 1862.19
-213.921 -798.094 2174.61
92.0311 -770.541 1823.1
-54.7216 803.539 1959.02
-83.0801 547.853 1949.19
-234.185 543.14 1986.14
68.0248 552.566 1912.23
-182.427 262.698 1855.5
45.1662 306.404 1740.23
-20.5009 141.708 1568.66
-0.973431 47.9844 1606.11
-75.0337 331.676 1954.52
-160.735 112.575 1982.77
26.7607 118.424 1936.92
-209.568 -343.08 2045.74
48.6051 -317.669 1854.65
-216.273 -780.058 2175.74
93.4488 -776.151 1828.02
-75.6507 825.119 1962.88
-88.0635 548.713 1943.66
-207.152 553.952 2038.04
31.0246 543.474 1849.28
-163.583 248.422 1928.05
5.37073 280.915 1692.46
163.321 47.2538 1810.82
-23.5414 -87.3127 1562.16
-89.8902 313.554 1954.41
-184.296 82.468 2038.53
0.862392 74.322 1891.78
-259.32 -340.657 2011.3
107.593 -338.422 1885.95
-267.852 -768.324 2140
127.552 -798.114 1834.78
-85.1824 829.315 1957.98
-90.1041 547.56 1941.04
-218.32 553.385 2017.49
38.1119 541.736 1864.58
-192.905 251.113 1929.13
12.6183 272.053 1717
132.254 38.0416 1795.86
-16.3149 -79.0069 1587.86
-83.6173 313.308 1969.76
-159.078 82.7785 2047.35
4.81702 75.3328 1949.63
-231.108 -347.141 2018.93
50.4939 -409.799 1995.33
-241.093 -775.295 2144.79
111.827 -790.77 1807.45
-82.3701 827.534 1954.11
-93.3559 548.561 1941.01
-226.904 553.176 2007.86
40.1917 543.945 1874.16
-203.093 251.813 1919
16.3226 271.423 1730.4
106.39 38.3013 1779.12
-9.31604 -43.7831 1594.89
-87.4189 328.011 1968.1
-161.972 110.242 2035.47
-0.992157 104.679 1954.89
-222.151 -342.697 2063.25
30.5783 -403.577 1986.83
-228.886 -779.561 2154.62
123.571 -760.181 2162.2
-82.7289 826.918 1952.91
-100.577 556.401 1949.35
-242.381 558.6 2016.84
41.2273 554.202 1881.86
-210.612 250.557 1918.08
19.5824 280.976 1742.34
85.1419 21.1482 1763
-38.0665 81.7036 1564.18
-93.347 338.561 1971.64
-166.457 121.967 2032.16
-5.77729 119.476 1955.69
-210.404 -345.569 2063.19
18.7625 -398.762 1981.4
-223.358 -783.562 2167.27
114.285 -762.647 2149.52
-79.0626 824.156 1953.41
-100.295 565.319 1952.81
-241.613 567.473 2018.34
41.0236 563.165 1887.27
-217.13 252.228 1926.33
22.3676 287.353 1750.07
70.5897 15.2173 1742.1
-43.7804 78.949 1579.19
-94.4379 345.762 1972.65
-168.465 127.423 2029.54
-8.69761 124.988 1955.45
-207.501 -339.096 2083.36
10.9032 -395.042 1978.21
-221.765 -783.806 2176.91
109.9 -764.752 2142.53
-68.1978 825.356 1956.28
-94.8791 556.354 1963.75
-232.886 563.517 2036.19
43.1276 549.19 1891.3
-211.008 268.166 1950.48
20.4374 272.489 1751.79
64.6914 26.7233 1808.36
-54.6833 75.5618 1560.48
-99.6367 336.444 1976.43
-172.446 120.066 2024.83
-36.3423 113.001 1953.39
-206.433 -347.573 2074.86
9.08713 -384.836 1981.35
-226.027 -789.895 2181.12
94.9703 -755.612 2145.83
-59.5319 825.61 1956.52
-94.4015 557.179 1958.96
-232.589 565.452 2026.58
43.7861 548.907 1891.35
-207.534 270.81 1973.02
33.6348 255.113 1757.03
38.8434 28.4975 1803.34
-41.1818 64.9502 1568.12
-100.406 335.118 1973.86
-172.809 117.032 2021.24
-40.0131 109.082 1956.27
-206.187 -344.535 2081.87
6.73155 -378.403 1984.05
-230.441 -782.752 2191.46
74.5501 -748.808 2152.43
-40.8593 808.774 1924.13
-93.8453 562.298 1960.42
-228.12 568.077 2032.74
40.429 556.518 1888.1
-202.152 269.243 1998.15
41.1547 255.693 1759.55
12.8042 26.0574 1870.66
-43.2998 46.0955 1484.57
-97.6672 341.525 1970.97
-172.751 123.819 2019.9
-30.2277 117.684 1943.13
-200.28 -329.965 2080.77
5.86786 -374.159 1989.14
-229.656 -765.763 2185.4
-223.554 -723.939 2150.53
-56.4023 802.58 1919.17
-95.1577 564.224 1963.04
-230.948 569.134 2031.93
40.6324 559.315 1894.15
-203.381 270.612 2010.31
38.4508 254.91 1762.67
-23.6851 21.9172 1907.41
-59.2674 -1.33249 1619.37
-97.0825 343.03 1975.01
-173.535 124.53 2024.79
-24.4795 119.141 1949.17
-198.985 -331.764 2088.51
0.782175 -370.401 1986.83
-226.693 -775.531 2187.98
-236.886 -724.131 2184.45
-79.9587 814.682 1931.73
-95.6446 562.975 1964.17
-236.791 566.115 2025.91
45.5019 559.836 1902.44
-208.679 269.853 2021.9
36.1749 246.686 1757.28
-47.4059 21.661 1917.87
-56.9558 -1.7007 1629.28
-93.1442 340.223 1981.22
-171.056 119.258 2033.43
-10.2316 115.681 1963.09
-195.179 -334.064 2097.7
-5.12837 -365.171 1988.69
-225.209 -776.117 2203.02
-237.139 -735.653 2218.07
-67.9951 816.201 1937.63
-96.5235 561.748 1964.4
-239.723 563.56 2022.7
46.6763 559.936 1906.11
-213.096 269.93 2034.63
39.7852 247.852 1765.29
-68.1253 22.4085 1908.34
-48.8571 -0.385301 1633.89
-91.4734 339.188 1983.73
-168.619 117.668 2036.51
-4.22807 115.588 1969.59
-192.335 -330.501 2101.09
-8.47995 -350.92 1979.76
-226.154 -768.705 2210.58
-241.634 -734.654 2211.34
-66.7471 816.338 1941.22
-97.0058 562.839 1965.49
-240.316 561.589 2018.93
46.3046 564.089 1912.06
-217.231 271.06 2037.97
53.8182 274.363 1785.92
-108.326 -27.5378 1929.51
-46.3188 2.75096 1620.37
-90.2947 338.557 1978.25
-157.09 113.633 2018.41
-10.0775 114.915 1963.6
-191 -326.06 2099.26
-11.447 -343.831 1975.61
-225.66 -766.773 2210.78
45.708 -703.05 1972.8
-67.4499 817.554 1944.81
-101.492 558.809 1963.88
-247.945 556.25 2015.21
44.9609 561.368 1912.55
-231.632 257.86 1999.27
50.8905 264.311 1782.4
-242.157 -21.5914 1972.86
-42.5107 6.6027 1617.69
-91.9041 334.51 1980.05
-160.103 108.851 2023.49
-4.52995 111.569 1968.96
-188.688 -328.271 2097.27
-12.5388 -340.8 1977.39
-222.422 -759.494 2211.49
107.989 -776.674 2083.58
-72.0422 818.435 1948.96
-100.135 557.64 1966.73
-246.854 555.652 2016.75
46.5851 559.628 1916.72
-248.043 249.666 1963.2
59.5121 276.279 1788.22
-91.3678 79.7175 1703.59
-42.1603 23.9422 1615.91
-91.8384 334.286 1982.19
-165.314 109.824 2025.52
-1.77025 112.04 1969.77
-192.454 -341.392 2090.12
-5.89205 -339.035 1978.1
-222.106 -765.717 2209.97
109.822 -771.327 2088.77
-70.7298 813.011 1948.43
-97.4697 554.353 1966.66
-243.641 552.009 2019
48.7014 556.698 1914.33
-245.723 247.188 1965.41
66.4223 266.871 1769.03
-89.3097 88.261 1704.97
-49.0375 176.339 1572.77
-89.8687 328.444 1977.77
-167.527 101.167 2019.41
2.99174 103.902 1958.36
-204.683 -355.322 2078.66
8.1009 -355.058 1959.87
-221.456 -768.312 2207.25
112.511 -768.31 2094.21
-64.0092 794.367 1948.63
-86.396 540.698 1945.23
-231.44 540.774 1982.57
58.6477 540.622 1907.89
-123.173 302.734 1851.13
49.6002 240.069 1756.41
-5.86952 202.006 1487.34
-56.1183 362.355 1397.67
-80.3661 316.742 1969.11
-172.423 92.8381 2018.24
23.7508 92.7351 1967.73
-202.89 -356.994 2080.05
39.9803 -345.241 1917.96
-220.881 -769.657 2210.64
108.49 -767.97 2084.41
-61.2593 789.448 1943.81
-81.4271 516.35 1936.14
-232.836 520.27 1975.91
69.9816 512.43 1896.36
-143.65 280.888 1850.52
19.83 247.999 1761.12
34.7353 305.276 1742.41
-58.8246 389.957 1516.58
-78.7597 296.863 1967.92
-176.933 79.9861 2026.19
24.7482 74.765 1973.22
-209.745 -372.847 2083.53
46.173 -342.67 1891.35
-220.247 -782.933 2221.43
106.104 -764.903 2079.69
-60.3444 787.052 1942.96
-76.3756 510.397 1949.26
-230.329 513.969 1982.69
77.5774 506.824 1915.84
-169.948 236.642 1872.99
11.3429 252.266 1757.19
24.369 328.858 1727.16
-59.8339 422.496 1562.04
-75.9178 292.505 1974.66
-178.099 76.9958 2022.34
27.1791 72.2326 1977.77
-214.584 -378.76 2080.06
41.5586 -348.421 1902.56
-222.729 -786.833 2218.19
105.318 -771.578 2082.76
-55.7457 770.522 1940.34
-81.545 506.392 1950.47
-236.202 509.85 1991.76
73.1121 502.933 1909.18
-213.803 212.317 1873.51
15.3951 272.919 1738.14
31.7003 256.977 1709.38
-49.3315 450.14 1604.77
-80.4097 290.396 1972.81
-177.592 76.5993 2021.4
19.0436 72.2022 1968.91
-217.972 -384.603 2078.64
38.4986 -351.199 1905.91
-223.829 -786.597 2215.91
100.203 -773.873 2077.26
-51.4304 746.332 1943.84
-84.1176 500.917 1951.62
-237.634 503.961 1993.75
69.399 497.873 1909.49
-216.041 194.26 1872.48
5.53803 303.063 1752.46
27.4656 267.087 1703.72
-69.4063 534.042 1580.06
-82.4866 287.705 1972.96
-179.014 76.4398 2021.25
17.3022 72.5474 1967.37
-218.061 -380.574 2080.47
42.764 -355.191 1907.15
-223.168 -782.69 2214.83
95.4298 -780.48 2070.38
-52.7066 736.485 1948.12
-89.2044 493.091 1955.27
-241.842 494.071 1993.7
63.4334 492.112 1916.83
-219.648 203.943 1840.03
7.84533 326.792 1749.52
17.5823 308.674 1686.03
-31.9963 482.482 1691.32
-85.4961 282.871 1975.35
-179.293 73.2755 2019.98
15.7174 72.0245 1970.87
-217.525 -383.101 2080.6
43.4446 -355.848 1909.61
-222.111 -787.333 2213.56
95.9462 -779.942 2060.62
-54.2669 730.797 1950.53
-96.6011 489.783 1955.35
-248.348 488.12 1990.01
55.1453 491.445 1920.68
-216.804 221.169 1824.7
9.42789 317.238 1751.4
-65.6459 351.561 1684.69
-64.3117 537.98 1640.07
-89.7284 281.375 1975.44
-182.046 71.8801 2018.18
16.3347 74.054 1972.87
-217.19 -380.894 2079.45
45.4138 -357.01 1907.63
-221.406 -795.835 2216.72
96.3408 -782.216 2052.49
-56.3746 737.744 1950.39
-99.776 482.725 1947.92
-254.741 480.037 1979.47
55.1893 485.414 1916.37
-209.909 268.055 1789.11
3.45532 338.644 1710.3
-68.8758 412.857 1661.52
27.5369 533.247 1757.09
-91.2379 276.696 1972.29
-182.619 68.9331 2017.02
17.22 72.4005 1976.33
-218.975 -385.795 2081.99
46.5774 -357.894 1906.65
-224.108 -814.533 2226.94
103.81 -784.97 1810.86
-60.8865 755.394 1966.2
-98.9724 488.707 1952.02
-251.169 486.55 1982.62
53.2242 490.863 1921.42
-208.895 292.751 1779.56
5.43936 353.27 1699.67
-55.6339 439.739 1648.25
16.1575 561.331 1756.21
-91.533 280.748 1974.37
-183.177 71.3861 2016.63
14.9896 74.194 1976.79
-219.419 -382.542 2081.87
46.8358 -362.458 1904.02
-221.4 -809.672 2223.46
113.807 -802.323 1823.22
-76.6693 786.137 1968.38
-96.8833 493.518 1955.16
-247.352 492.275 1987.4
53.5858 494.76 1922.92
-205.453 311.997 1781.12
12.4079 376.535 1699.4
-72.235 545.147 1665.74
22.6995 587.954 1764.86
-90.7303 282.982 1975.76
-182.828 71.6341 2017.41
13.6737 73.2571 1975.31
-219.216 -385.125 2082.85
48.0473 -363.31 1901.36
-219.305 -821.457 2220.56
117.779 -807.059 1835.69
-75.6432 791.105 1977.99
-94.6577 501.694 1957.87
-246.066 501.509 1988.57
56.7509 501.879 1927.17
-199.251 339.097 1782.19
13.7801 419.556 1716.67
-72.0839 521.959 1619.51
22.0883 614.43 1767.84
-90.4381 287.433 1977.39
-183.579 73.0534 2016.65
11.1423 73.2913 1977.17
-218.792 -379.3 2081.23
48.4423 -368.331 1899.63
-218.725 -809.894 2220.24
123.27 -814.931 1841.09
-75.1698 789.729 1987.26
-94.1988 503.949 1973.41
-243.755 502.289 1996.77
55.3577 505.609 1950.04
-189.089 380.7 1777.5
13.9698 432.503 1723.48
-72.4649 570.185 1622.61
-14.3866 675.598 1745.1
-90.1572 288.52 1983.98
-184.382 72.0012 2009.89
12.1508 74.1822 1979.19
-219.25 -381.069 2075.19
48.2501 -368.021 1904.49
-215.922 -802.334 2211.68
120.804 -810.332 1841.17
-77.4154 793.655 1990.42
-94.9215 525.065 1980.36
-243.905 523.169 2000.67
54.0618 526.96 1960.04
-188.051 409.514 1776.23
40.1538 433.236 1740.37
-71.3206 591.751 1599.68
-66.6505 537.096 1745.55
-91.3161 303.047 1986.08
-186.391 79.7746 2005.26
10.97 82.2857 1978.35
-220.397 -374.045 2070.62
47.7626 -376.42 1919.75
-218.467 -791.852 2208.39
120.272 -820.533 1852.88
-75.2105 790.874 1988.26
-96.1977 527.999 1985.41
-244.974 525.8 2001.5
52.5788 530.197 1969.32
-205.367 452.814 1757.2
59.0648 457.549 1743.33
-63.0324 643.536 1603.82
-66.1446 538.056 1742.19
-92.4813 303.59 1989.11
-187.437 77.7234 2003.49
9.90699 80.6391 1982.15
-220.58 -376.528 2068.88
48.1025 -372.756 1919.07
-219.976 -794.919 2208.22
119.052 -815.883 1851.72
-74.8718 795.453 1987.05
-97.4234 533.156 1994.48
-244.968 530.35 2006.7
50.1209 535.962 1982.27
-218.525 474.021 1755.24
81.0241 489.705 1753.15
-64.4759 666.03 1585.75
-69.6958 549.01 1738.44
-93.1283 307.148 1994.45
-187.429 79.2646 2002.57
9.76277 83.0146 1986.25
-220.945 -376.962 2066.88
48.322 -373.539 1920.73
-220.482 -794.566 2207.32
120.037 -817.174 1854.34
-67.8768 809.907 1973.28
-95.2588 546.101 2006.8
-246.813 544.272 2021.21
56.2959 547.931 1992.4
-222.671 506.334 1774.39
97.8188 516.378 1781.61
-89.7156 689.55 1593.15
-15.8976 737.343 1767.66
-92.9314 316.218 2002.1
-191.453 85.1181 2006.98
10.2451 87.5525 1987.8
-221.203 -379.689 2067.96
48.2367 -372.503 1919.45
-218.181 -801.34 2206.49
115.871 -820.833 1861.69
-69.6508 807.844 1976.64
-96.7283 557.934 1997.57
-248.118 556.432 2012.44
54.6609 559.435 1982.7
-249.807 534.967 1766.91
118.224 554.073 1740.38
-148.688 714.708 1659.97
0.261152 766.898 1792.58
-94.389 325.247 1997.89
-193.222 91.5574 2008.16
9.12284 93.5639 1988.28
-221.963 -378.411 2068.51
45.5106 -373.669 1926.59
-219.252 -798.656 2205.39
110.496 -814.301 1898.08
-71.0107 807.115 1978.47
-95.8167 559.46 1997.06
-244.553 558.168 2014.91
52.9196 560.752 1979.22
-249.375 577.251 1765.45
111.197 582.068 1755.46
-161.748 723.526 1681.6
-1.93196 774.222 1802.88
-93.7366 325.393 1997.45
-191.024 90.4621 2009.76
7.71066 92.1884 1985.92
-220.943 -373.413 2073.3
44.9585 -376.125 1921.15
-218.869 -795.477 2210.2
106.506 -813.522 1920.86
-72.9028 807.025 1977.91
-95.6562 558.209 1995.64
-243.05 556.811 2015.65
51.7371 559.607 1975.62
-249.962 590.663 1770.15
99.4182 574.665 1796.13
-168.01 742.422 1715.2
-36.5917 787.407 1698.69
-93.2247 323.813 1997.17
-189.839 88.4775 2012.16
8.25259 90.3561 1985.26
-220.237 -373.05 2076.34
43.2703 -376.061 1918.92
-218.875 -793.944 2214.78
100.467 -812.026 1946.4
-74.2374 808.855 1977.47
-95.621 559.532 1996.43
-242.218 558.473 2017.59
50.9763 560.592 1975.27
-256.858 600.444 1781.82
93.5097 608.097 1810.4
-101.634 724.905 1676.22
-36.6629 786.337 1698.19
-93.6466 325.516 1998.39
-190.723 90.7827 2014.64
7.37898 92.2147 1986.05
-220.212 -371.704 2079.03
40.4938 -375.111 1921.87
-219.804 -791.999 2219.01
94.77 -806.229 1973.83
-76.1066 810.231 1977.84
-95.7299 561.022 1996.14
-242.376 560.571 2018.45
50.9157 561.473 1973.83
-269.987 640.248 1801.08
99.2615 643.109 1811.4
-104.296 732.557 1677.76
-36.7783 787.42 1701.63
-94.4634 328.242 1999.76
-192.701 95.1567 2018.51
6.30729 95.7691 1988.23
-220.493 -373.165 2080.08
37.6955 -369.815 1922.14
-222.695 -795.608 2222.24
91.3052 -800.816 1995.67
-80.2949 796.365 1999.32
-95.9795 561.218 1995.81
-242.806 561.236 2018.07
50.8474 561.201 1973.55
-279.984 656.826 1832.23
99.4546 647.866 1811.38
-104.956 748.973 1684
-36.7397 794.585 1705.18
-95.1072 328.503 2001.75
-193.569 95.7992 2022.75
5.09873 95.7751 1992.63
-220.378 -374.11 2080.85
37.5822 -367.265 1919.69
-223.001 -798.552 2223.13
88.6788 -797.385 2014.17
-83.6209 803.886 1994.71
-96.8121 561.677 1996.73
-243.218 561.877 2019.26
49.5941 561.478 1974.2
-285.5 657.699 1844.37
98.847 633.28 1841.87
-106.954 759.765 1692.06
-34.715 808.866 1708.32
-96.1571 328.63 2003.05
-194.87 95.7184 2024.67
3.86572 95.4473 1994.08
-219.727 -374.731 2081.69
35.7206 -366.223 1920.61
-224.507 -799.075 2224.01
86.9537 -794.926 2031.71
-85.591 806.853 1994.09
-97.0973 562.606 1998
-243.087 562.544 2019.18
48.8923 562.668 1976.82
-288.29 664.325 1841.17
102.313 628.18 1856.13
-109.579 771.208 1701.25
-33.7865 818.541 1715.93
-96.0627 327.842 2004.45
-193.551 93.0365 2025.19
3.49499 93.1197 1996.61
-218.891 -373.936 2083.48
36.2423 -368.111 1916.6
-223.738 -797.078 2225.81
85.288 -794.18 2045.4
-83.8416 807.246 1991.08
-99.5426 569.552 2003.99
-244.182 568.752 2022.33
45.0966 570.351 1985.64
-293.378 682.292 1827.66
102.662 632.305 1853.17
-116.931 784.29 1695.11
-33.4552 827.122 1723.07
-97.7115 331.569 2008.05
-194.186 93.0421 2024.58
2.42526 94.1289 1999.65
-219.715 -374.367 2083.53
34.1876 -367.569 1917.96
-223.721 -795.846 2226.89
82.1102 -799.042 2057.41
-83.8605 807.391 1989.63
-98.7892 568.625 2002.73
-244.248 568.414 2022.86
46.6699 568.836 1982.6
-295.851 694.514 1813.41
110.118 734.485 1799.17
-130.537 797.956 1696.28
-40.1041 818.669 1729.63
-97.8063 331.944 2007.35
-195.558 95.1186 2025.63
1.91103 95.4053 1998.3
-219.888 -374.919 2083.04
32.8795 -365.959 1917.56
-224.381 -795.842 2227.41
81.0284 -797.612 2069.07
-91.6003 800.654 1985.83
-100.072 566.029 2001.2
-245.499 565.428 2021.68
45.3549 566.631 1980.72
-295.466 698.928 1814.31
108.468 732.437 1829.09
-136.338 811.435 1701.9
-40.7646 818.18 1721.35
-98.4153 330.048 2006.03
-195.172 93.66 2024.72
1.65549 94.4741 1997
-219.636 -375.442 2084.35
31.2676 -366.273 1916.85
-226.11 -796.911 2229.67
72.3519 -794.58 2150.24
-88.847 802.687 1986.02
-99.9551 565.068 2000.01
-245.516 564.525 2020.21
45.6058 565.61 1979.8
-288.488 673.553 1792.44
106.768 726.882 1837.45
-138.745 818.555 1685.59
-39.7849 818.187 1716.21
-98.3531 329.25 2005.21
-194.571 93.0685 2024
1.06928 93.7979 1996.85
-219.65 -376.459 2085.19
31.1411 -367.324 1917.06
-226.974 -798.318 2230.68
72.2897 -794.753 2149.9
-77.8722 797.6 1929.76
-98.5254 562.349 1983.44
-243.175 562.749 2004.43
46.1245 561.949 1962.45
-157.785 701.475 1711.65
71.6598 270.704 1963.79
-165.98 821.64 1705.67
5.06763 761.618 1792.27
-97.2547 328.48 1996.65
-193.578 94.8818 2024.03
1.60989 94.3416 1995.71
-219.237 -377.435 2086.18
31.9942 -366.572 1915.68
-226.094 -798.842 2231.51
77.4047 -797.809 1993.78
-72.4854 793.343 1914
-99.3871 560.216 1982.73
-245.161 560.249 2005.62
46.3873 560.184 1959.85
-199.525 551.925 1763.62
66.3954 236.593 1949.88
-149.501 828.216 1694.23
73.8673 -94.2518 1866.93
-97.3269 327.119 1996.19
-192.28 94.0437 2024.88
1.74624 94.0002 1994.42
-218.053 -377.927 2088.43
32.5487 -366.365 1913.2
-224.388 -798.717 2233.14
77.8441 -798.505 1991.36
-70.8953 795.276 1908.54
-98.0322 558.696 1980.6
-245.048 559.18 2006.27
48.9832 558.211 1954.93
-209.473 513.479 1761.79
38.8265 403.015 1799.52
-58.3199 728.534 1714.03
-16.8868 673.853 1739
-96.3186 326.922 1994.79
-191.348 95.4664 2025.87
2.13828 94.8289 1992.08
-217.708 -377.076 2089.39
32.6433 -365.771 1911.98
-218.68 -790.337 2227.4
78.3246 -800.673 1991.44
-70.4632 794.775 1908.13
-91.511 534.427 1966.18
-240.728 536.773 1988.86
57.7062 532.081 1943.5
-226.099 363.012 1748.1
32.688 388.916 1754.99
-80.6048 554.893 1612.66
-74.7448 681.483 1635.85
-91.9269 313.428 1986.3
-190.963 93.9789 2021.41
6.27756 90.8782 1991.43
-218.387 -376.952 2085.88
33.6032 -364.895 1915.5
-209.694 -769.999 2225.87
79.9052 -801.312 2001.91
-81.1772 769.71 1932.08
-84.8803 520.005 1962.62
-234.46 522.512 1984.94
64.6997 517.497 1940.3
-221.615 302.693 1748.89
16.0303 397.67 1720.22
-60.4768 487.367 1628.62
-71.8743 621.692 1558.66
-85.9022 302.619 1980.2
-189.478 86.9532 2013.07
15.6291 83.5147 1982.47
-219.502 -382.998 2080.3
35.3218 -357.938 1920.12
-217.036 -785.602 2220.36
78.9722 -794.231 2021.14
-81.5645 762.203 1938.64
-82.6763 511.156 1962.03
-233.722 513.024 1982.37
68.3696 509.289 1941.68
-214.844 214.529 1803.44
5.34053 351.972 1732.24
35.3239 415.66 1703.27
-69.4638 489.739 1639.79
-83.049 296.97 1978.92
-183.529 84.0214 2009.29
16.6854 81.5462 1982.32
-218.756 -383.827 2080.91
39.5373 -357.407 1912.37
-218.668 -788.973 2223.01
77.7726 -793.722 2032.11
-75.871 767.865 1929.94
-81.785 503.493 1963.49
-233.512 505.012 1986.61
69.9421 501.974 1940.37
-204.66 213.906 1822.29
10.4603 311.51 1716.1
-18.7627 397.98 1662.88
-66.6277 352.601 1503.35
-81.664 288.776 1978.39
-182.142 75.0649 2008.62
19.0562 73.0511 1977.96
-220.919 -390.037 2081.72
40.4049 -351.414 1909.9
-220.219 -795.098 2224.5
77.8442 -787.354 2042.83
-73.4926 772.07 1923.06
-81.3388 506.573 1965.28
-233.085 508.577 1991.22
70.4069 504.568 1939.34
-196.619 215.577 1826.64
31.9755 305.713 1729.7
-20.5045 255.407 1715.36
-41.7057 314.547 1639.42
-81.7004 291.096 1979.82
-181.567 76.9348 2011.37
17.4434 74.3058 1977.35
-220.999 -387.041 2083.7
48.7647 -350.897 1890.29
-218.666 -788.705 2222.94
77.8417 -787.529 2053.12
-65.694 793.239 1934
-95.7527 529.185 1979.91
-245.608 530.006 2017.93
54.1024 528.364 1941.89
-195.324 230.116 1855.23
41.2994 291.866 1743.46
9.20232 229.129 1695.19
-54.8938 161.961 1566.41
-95.3701 305.608 1986.25
-181.481 82.5043 2014.53
-8.49445 81.5567 1970.64
-220.703 -378.1 2082.91
30.931 -360.447 1877.94
-218.637 -779.923 2220.95
79.338 -793.503 2061.37
-74.2799 790.203 1954.23
-106.849 539.623 1965.63
-253.087 537.336 2029.96
39.3898 541.91 1901.3
-199.014 222.819 1893.15
26.6957 267.631 1750.89
-29.2389 204.578 1739.44
-114.95 -7.98607 1604.94
-96.1659 317.86 1982.03
-156.844 94.9801 2029.82
-14.122 97.2123 1967.04
-204.469 -372.369 2100.61
75.4651 -256.093 2161.51
-207.972 -778.507 2200.39
107.778 -602.309 1812.97
-83.6891 808.793 1959.4
-111.019 545.084 1972.08
-255.464 541.142 2034.12
33.4257 549.025 1910.04
-206.185 230.438 1921.75
27.5471 282.392 1775.98
-32.597 198.916 1734.48
-72.6025 70.9809 1600.96
-95.4395 322.965 1994.24
-147.677 98.9968 2045.53
-12.042 102.698 1987.27
-196.867 -366.343 2114.2
68.8054 -262.768 2160.69
-212.192 -781.658 2209.5
122.203 -625.862 1802.53
-86.6788 818.992 1960.05
-110.502 547.055 1979.95
-255.417 544.22 2044.14
34.414 549.89 1915.77
-209.958 238.474 1943.13
21.1887 267.76 1776.94
-43.6519 188.205 1755.4
-94.4318 -30.5553 1630.66
-94.5735 324.478 2006.08
-151.085 100.483 2064.3
-6.2057 103.318 2000.13
-189.473 -359.311 2115.68
91.3172 -307.399 1835.84
-213.763 -775.073 2212.72
101.774 -658.639 1797.68
-80.7173 811.175 1962.63
-117.34 532.216 1973.11
-257.375 529.93 2043.81
22.6959 534.501 1902.42
-220.736 233.328 1962.88
22.4431 265.307 1776.87
-62.6712 149.409 1767.33
-82.4949 -59.0444 1641.4
-97.7657 316.551 2004.92
-149.631 99.7206 2072.78
-6.75171 102.053 2000.65
-182.924 -353.403 2158.31
88.3112 -302.809 1820.04
-79.4202 -583.018 1802.51
31.1079 -641.676 2082.86
-79.5765 808.438 1964.01
-114.422 531.819 1973.61
-257.339 531.183 2042.82
28.4945 532.455 1904.4
-225.13 242.033 1981.56
20.1153 248.873 1776.8
-66.4501 163.981 1773.64
-84.5421 -67.2873 1639.83
-96.6541 313.254 2008.29
-150.937 94.3681 2077.87
-6.83498 95.0092 2008.09
-182.161 -359.887 2171.28
89.7145 -296.178 1811.98
-78.0099 -590.965 1800.93
31.9925 -637.258 2079.96
-77.4078 807.619 1962.34
-113.899 530.706 1971.45
-258.211 530.104 2040.83
30.4132 531.308 1902.08
-231.208 243.514 1994.89
18.2251 238.329 1775.06
-84.2453 136.471 1832.38
-85.1381 -70.8745 1638.76
-95.4913 311.125 2007.84
-151.752 91.2325 2080.12
-2.41525 91.8555 2008.33
-181.572 -367.321 2177.47
90.4573 -294.034 1800.57
-79.2277 -599.798 1805.32
33.8763 -635.997 2074.76
-79.5817 808.487 1962.67
-113.977 532.315 1973
-262.084 528.73 2033.74
34.1301 535.901 1912.26
-241.785 249.42 2013.63
18.6224 233.068 1779.63
-235.009 61.8432 1966.09
-90.679 -28.4984 1642.8
-97.572 317.626 2000.33
-159.746 101.035 2059.88
-2.58829 104.839 1995.43
-198.012 -351.44 2061.1
87.2017 -282.121 1793.89
-232.164 -707.58 2212.17
64.2676 -665.32 1829.44
-82.9315 813.952 1962.9
-114.843 535.32 1974.51
-263.151 535.787 2034.21
33.4656 534.853 1914.81
-249.338 258.436 2025.75
19.8537 239.869 1793.37
-272.116 -36.8957 1970.83
-94.1213 -56.9507 1635.46
-106.387 317.489 1997.22
-189.728 99.9459 2056.88
-6.13432 99.368 1982.98
-207.198 -377.729 2066.76
84.1095 -295.748 1803.5
-127.816 -644.726 2306.52
60.5179 -682.34 1837.23
-89.0637 834.599 1966.75
-118.619 540.288 1972.45
-267.595 543.929 2034.06
30.357 536.646 1910.84
-255.375 262.382 2033.29
14.3781 242.64 1793.93
-246.378 -27.4501 1951.22
-70.4232 -61.9473 1664.59
-116.072 320.133 1991.62
-203.153 102.17 2047.86
-23.8968 97.7879 1973.73
-208.591 -381.441 2064.07
86.2297 -307.252 1816.45
-128.66 -616.595 2223.73
22.983 -678.235 1986.65
-85.8577 830.044 1965.88
-117.934 541.574 1974.66
-265.077 548 2038.28
29.2088 535.147 1911.04
-261.63 269.066 2037.33
10.4351 242.574 1795.09
-267.434 -49.6998 2026.76
-71.6726 -66.053 1661.91
-119.903 321.094 1992.38
-211.725 104.54 2048.95
-32.0187 96.6908 1971.24
-107.84 -125.247 1691.54
86.9184 -314.584 1823.58
20.8434 -582.813 1838.47
24.2296 -685.129 1983.62
-85.5773 829.184 1966.15
-120.624 543.48 1975.35
-269.265 549.363 2040.93
28.0179 537.597 1909.77
-262.726 266.743 2046.51
7.17834 237.419 1785.56
-265.377 -49.5717 2027.09
-75.6322 -64.8961 1656.9
-120.09 319.497 1996.65
-215.139 99.2975 2060.13
-23.9726 91.7314 1975.79
-107.827 -128.476 1689.06
88.0294 -317.768 1828.59
54.5652 -599.116 1818.16
27.579 -688.499 1979.54
-87.4567 837.878 1971.02
-110.458 524.484 1965.4
-245.665 531.687 2028.25
24.7482 517.281 1902.55
-288.784 235.892 1965.17
2.99234 215.297 1775.33
-162.54 17.0352 1916.98
-90.8705 18.548 1388.93
-109.321 309.792 1992.45
-194.434 99.6949 2059.6
-21.9338 90.5051 1979.41
-128.52 -153.182 1734.48
83.6801 -321.089 1870.11
-247.748 -807.354 2177.82
116.148 -793.915 1864.22
-82.6758 840.107 1977.79
-114.511 533.75 1972.82
-256.332 539.824 2035.49
27.3108 527.676 1910.15
-288.207 239.858 1982.12
2.96996 230.471 1783.82
-200.649 -85.0776 1994.79
-130.992 16.3271 1593.97
-114.435 314.932 1994.2
-202.141 99.8741 2054.37
-26.576 92.3554 1976.78
-254.907 -406.944 2086.65
63.561 -335.942 1898.86
-238.984 -811.276 2178.84
102.862 -785.414 1885.18
-83.6127 834.999 1975.3
-116.283 535.242 1975.87
-263.101 540.156 2035.85
30.5352 530.329 1915.9
-290.285 240.445 1980.83
8.39009 237.915 1782.03
-189.47 -108.473 1961.12
-133.421 25.3212 1588.98
-115.643 315.412 1995.45
-204.823 98.5869 2051.72
-25.1831 92.5749 1978.33
-254.688 -386.289 2088.24
66.349 -364.31 1890.84
-226.711 -788.487 2206.27
99.3375 -790.988 1888.28
-86.7245 832.031 1977.61
-114.632 534.17 1983.23
-264.291 538.489 2038.95
35.0277 529.851 1927.52
-295.476 253.462 1990.91
10.7507 244.858 1784.68
-189.298 -108.259 1967
-123.758 73.3193 1579.75
-115.06 314.012 1999.15
-206.535 96.4827 2048.96
-24.4403 91.2277 1981.17
-249.132 -377.209 2088.75
61.6611 -374.18 1887.63
-221.912 -777.514 2212.14
98.9717 -792.881 1895.78
-88.8324 831.632 1977.07
-114.072 536.972 1985.41
-264.843 540.643 2039.48
36.6978 533.301 1931.34
-293.276 263.698 1992
24.5854 254.914 1801.04
-171.775 -70.9915 1935.02
-104.248 212.446 1593.74
-114.149 314.586 2000.29
-207.601 94.4745 2048.67
-20.8493 89.9272 1981.69
-245.486 -371.616 2091.72
53.6925 -370.33 1893.72
-221.647 -773.238 2218.34
101.54 -790.88 1897.73
-92.8344 821.813 1980.46
-178.039 497.387 2041.34
-280.974 479.373 2053.88
-75.104 515.402 2028.81
-288.282 265.971 1928.97
46.4151 318.36 1792.66
-255.325 -69.2827 1974.88
-115.283 315.318 1557.45
-143.457 290.883 2028.55
-210.309 66.6277 2028.1
-7.44207 102.131 2003.4
-244.104 -401.043 2078.31
51.7779 -345.907 1914.25
-225.76 -803.132 2202.1
103.252 -764.651 1918.03
-92.6723 807.654 1996.36
-123.087 482.32 1995.83
-279.03 474.601 2044.38
32.8561 490.039 1947.29
-271.007 239.149 1914.79
43.707 315.448 1795.76
-160.987 -62.0666 1903.38
-67.6036 371.028 1434.86
-110.103 275.306 2004.63
-207.981 62.8041 2047.93
13.7444 73.7798 1978.91
-239.487 -406.055 2103.12
47.5183 -345.655 1890.32
-224.435 -809.467 2227.83
118.483 -765.165 1862.7
-96.6027 760.226 2008.33
-125.631 482.576 1992.69
-282.765 473.137 2038.69
31.5038 492.016 1946.68
-266.628 227.614 1917.88
19.5475 309.989 1767.82
8.82282 236.314 1787.59
-84.0562 390.183 1530.33
-109.948 271.851 2003.01
-208.093 54.2883 2046.67
19.5618 67.9643 1980.02
-236.103 -413.974 2108.08
49.6277 -336.903 1884.21
-224.939 -834.11 2233.65
110.655 -770.382 1830.22
-96.0058 724.495 1989.7
-86.4089 462.36 1999.1
-242.967 466.799 2025.52
70.1491 457.921 1972.68
-164.212 217.688 1909.37
-35.4836 380.573 1734.16
39.4122 395.016 1825.55
-16.315 187.246 1681.54
-90.2211 239.356 2013.98
-213.189 19.731 2048.96
25.1224 12.9739 2008.75
-235.898 -358.673 2082.05
58.8697 -399.622 1908.23
-230.856 -768.825 2208.86
112.193 -841.912 1851.26
-89.5368 704.457 1984.06
-87.9276 460.894 2006.18
-245.833 464.391 2033.06
69.978 457.397 1979.31
-171.398 242.982 1896.12
-5.60978 296.98 1775.97
-3.18603 392.229 1719.81
-33.396 348.466 1678.84
-91.2493 241.327 2015.23
-213.566 24.3946 2044.54
24.4242 19.124 2004.04
-232.01 -363.513 2086.38
58.9655 -401.004 1902.58
-225.644 -783.457 2212.99
107.993 -850.905 1847.13
-87.3034 701.559 1975.52
-90.271 472.5 2013.25
-248.324 474.747 2045.1
67.7818 470.252 1981.39
-204.18 235.312 1889.78
29.7921 275.051 1789.98
6.72943 382.405 1715.89
-35.5998 383.455 1686.02
-93.123 251.28 2014.7
-210.952 31.6949 2039.33
19.0021 28.4249 1992.99
-231.658 -363.446 2094.95
54.6843 -396.796 1891.74
-226.507 -775.89 2223.68
102.682 -847.583 1836.21
-83.7705 704.234 1977.7
-93.8509 476.376 2014.91
-253.878 476.106 2051.34
66.1767 476.645 1978.47
-210.13 247.558 1881.8
49.0988 264.943 1795.34
10.0603 378.758 1722.61
-66.0532 478.842 1659.45
-93.1878 261.275 2016.23
-199.933 45.9929 2042
14.8833 46.3542 1993.1
-231.04 -374.948 2092.23
52.4021 -382.05 1895.15
-227.055 -794.724 2219.85
99.1685 -831.735 1838.13
-100.378 727.136 1994.94
-102.356 485.813 2020.74
-267.385 481.149 2060.04
62.6741 490.477 1981.44
-219.315 268.137 1873.29
56.8962 284.21 1820.25
-81.9708 415.57 1723.85
-76.2576 467.638 1741.46
-96.9448 270.449 2017.9
-198.457 52.0636 2040.53
15.3891 58.1071 1989.6
-229.696 -382.954 2091.99
50.5725 -372.263 1895.53
-226.306 -811.557 2211.27
96.2975 -821.545 1836.33
-100.445 731.833 2004.92
-107.063 493.233 2021.73
-273.02 486.683 2059.29
58.8942 499.783 1984.17
-223.866 279.842 1869.65
70.7852 318.707 1828.12
-73.8303 453.833 1719.89
-15.046 506.939 1748.2
-99.4734 276.459 2017.46
-200.041 55.4152 2037.67
16.2732 63.953 1988.71
-229.161 -386.124 2090.07
51.2384 -368.161 1897.15
-225.688 -807.96 2213.2
94.8801 -818.056 1836.78
-88.8336 732.476 2014.51
-107.317 499.8 2017.35
-270.861 494.256 2049.35
56.2265 505.344 1985.35
-221.752 292.989 1861.74
68.3994 344.665 1813.59
-72.9574 480.161 1704.54
-67.0134 636.01 1706.18
-100.654 282.039 2013.68
-203.383 60.5686 2031.42
15.4037 67.9852 1988.61
-229.738 -389.518 2088.53
52.0377 -366.546 1899.65
-226.214 -811.632 2212.48
94.6918 -817.845 1838.86
-85.6012 733.279 2009.35
-105.994 505.872 2011.46
-265.766 501.578 2038.43
53.7776 510.166 1984.5
-210.969 320.122 1840
72.4706 393.896 1796.72
-67.1676 500.395 1686.6
-67.992 657.74 1712.43
-100.253 285.382 2010.36
-203.346 61.968 2027.63
14.3208 67.8181 1990.9
-228.858 -390.014 2086.22
46.1927 -389.708 1918.65
-228.35 -808.42 2207.28
95.3838 -815.847 1874
-83.7634 739.379 1995.5
-104.099 509.913 2009.7
-260.728 507.101 2033.87
52.5311 512.725 1985.53
-205.606 337.382 1828.99
73.4949 424.583 1785.58
-70.7515 522.093 1670.98
-63.0809 688.373 1720.85
-100.135 287.524 2009.51
-204.713 63.1867 2026.07
12.3688 67.084 1992.57
-229.431 -389.465 2086.04
49.6758 -390.883 1928.93
-228.054 -807.443 2209.05
95.4753 -816.783 1905.62
-80.8763 746.062 1989
-101.715 516.235 2009.27
-256.715 514.372 2031.58
53.2852 518.098 1986.97
-205.46 357.83 1817.99
101.756 453.234 1763.19
-68.1952 547.459 1648.61
-59.2792 696.669 1724.63
-99.1108 291.767 2008.62
-204.431 66.0016 2023.51
11.4176 68.5955 1992.44
-229.696 -392.624 2087.05
46.7527 -392.072 1938.93
-228.049 -811.538 2211.26
92.7468 -816.58 1926
-79.1019 749.132 1989.97
-99.0342 518.608 2009.44
-251.961 518.283 2030.09
53.8924 518.933 1988.79
-209.736 384.485 1808.28
116.331 483.354 1764.42
-67.5132 577.273 1627.49
-79.7705 666.121 1662.13
-98.4036 292.497 2010.55
-201.61 66.1659 2025.68
6.06442 66.6073 1997.64
-229.356 -393.892 2089.9
42.4054 -391.425 1941.45
-228.34 -814.268 2214.05
90.8686 -817.718 1943.03
-75.994 754.395 1991.32
-97.7695 516.734 2008.87
-249.979 517.031 2027.97
54.4403 516.436 1989.77
-202.576 484.288 1760.63
125.251 517.826 1783.5
-99.1149 602.551 1641.93
-65.8563 666.777 1716.2
-97.8465 291.508 2011.77
-199.136 66.481 2027.37
3.2895 66.085 2001.96
-228.522 -394.289 2090.58
43.9841 -383.751 1934.93
-228.132 -812.845 2214.85
89.623 -817.488 1959.78
-72.1309 765.138 1990.26
-95.0853 518.542 2008.71
-245.103 518.86 2029
54.9328 518.225 1988.43
-211.761 514.984 1766.93
139.542 658.568 1817.35
-60.6595 781.957 1736.81
-77.5559 787.496 1809.02
-95.2015 292.99 2011.39
-197.089 67.6523 2027.82
6.45384 67.2213 2000.3
-227.462 -394.728 2089.33
27.4047 -395.446 1978.59
-227.881 -811.759 2214.13
88.1779 -818.97 1989.62
-73.2628 772.032 1989.12
-93.7726 520.859 2008.59
-242.483 521.372 2029.26
54.9376 520.346 1987.93
-212.121 542.741 1756
136.861 655.479 1816.37
-94.065 730.323 1664.15
-19.9241 788.038 1818.8
-94.1366 295.144 2011.57
-195.537 69.777 2028.59
6.53513 69.0801 2000.52
-226.684 -394.991 2089.19
25.0246 -395.669 1981.56
-228.809 -812.613 2214.96
88.0264 -819.801 2016.58
-75.3915 785.547 1983.08
-90.5095 531.178 2010.57
-238.495 532.327 2030
57.4765 530.029 1991.13
-274.11 610.824 1795.01
134.199 653.21 1808.62
-59.1736 760.006 1717.36
-54.1696 827.564 1793.07
-91.6989 301.48 2015.09
-192.345 72.5541 2032.67
6.56778 71.0098 2006.55
-224.916 -395.781 2093.81
22.6036 -393.482 1987.06
-229.707 -816.564 2221.09
88.9099 -820.057 2039.23
-76.4093 784.447 1982.71
-91.2879 531.471 2011.72
-238.998 532.34 2030.77
56.4223 530.602 1992.67
-282.949 616.762 1812.74
134.41 660.981 1810.08
-66.7761 774.813 1715.34
-54.4322 836.217 1793.56
-92.0756 302.034 2016.08
-191.961 73.1796 2033.22
6.23495 72.0135 2007.66
-223.505 -395.987 2095.37
21.0632 -392.678 1990.62
-228.19 -840.856 2243.96
90.201 -821.349 2061.22
-79.1898 790.763 1976.94
-90.789 540.19 2012.76
-239.203 540.962 2031.4
57.6252 539.418 1994.12
-280.774 616.009 1814.81
139.46 682.134 1819.17
-77.4768 780.026 1727.86
-51.5992 824.85 1800.26
-91.2904 308.722 2018.35
-190.778 77.7682 2036.37
7.19457 76.739 2011.51
-222.183 -394.591 2099.17
20.6104 -389.85 1992.5
-230.115 -834.154 2244.66
90.2854 -821.727 2078.2
-80.5241 795.323 1974.97
-91.0668 547.702 2014.15
-240.169 548.545 2033.3
58.0353 546.858 1995.01
-280.193 620.326 1822.63
146.356 704.675 1825.83
-86.7122 779.948 1729.41
-50.3567 827.243 1799.57
-91.6747 313.749 2019.73
-191.406 80.3564 2038.03
6.84031 79.2349 2012.57
-221.936 -393.761 2101.49
20.8037 -388.772 1995.66
-229.821 -826.067 2239.5
90.3636 -822.693 2092.23
-82.667 797.774 1974.82
-93.5554 550.919 2018.34
-244.401 551.148 2038.88
57.2901 550.69 1997.8
-275.48 632.269 1826.42
140.15 726.593 1858.14
-95.5788 783.44 1731.76
-44.554 838.446 1788.65
-93.3373 316.165 2022.56
-191.729 81.5607 2040.21
5.49028 81.2609 2013.36
-221.765 -392.909 2102.97
20.507 -388.039 1997.47
-229.562 -822.22 2238.01
105.579 -760.68 1825.18
-86.1568 800.083 1977.21
-96.3648 555.693 2021.08
-246.548 555.343 2040.69
53.8189 556.043 2001.47
-283.866 658.474 1839.11
134.891 737.253 1865.79
-99.7576 788.938 1733.81
-40.5336 838.586 1783.89
-95.3468 319.343 2024.66
-192.504 82.7649 2041.06
3.8459 83.2223 2015.42
-222.559 -391.517 2102.59
23.457 -380.41 2007.21
-229.688 -821.41 2242.46
78.4422 -736.277 1819.78
-85.3037 829.005 1980.1
-98.4893 561.883 2021.4
-248.364 561.977 2039.95
51.3856 561.789 2002.85
-282.332 662.181 1839.08
140.251 730.989 1860.71
-98.7934 798.6 1746.58
-39.3092 839.14 1784.01
-98.0007 326.597 2026.55
-194.198 91.3713 2043.66
-0.826173 91.2495 2019.73
-228.032 -380.698 2095.64
6.13516 -357.009 1984.11
-226.718 -817.302 2241.44
71.1553 -730.761 1821.8
-87.3385 840.214 1983.57
-99.6082 565.942 2022.46
-251.161 566.539 2040.83
51.945 565.345 2004.09
-280.217 662.069 1840.08
143.662 728.157 1859.09
-101.38 804.175 1753.83
-47.0599 848.58 1787.22
-99.8557 332.196 2028.02
-198.527 98.8383 2045.5
-1.67895 98.0626 2021.64
-230.645 -376.129 2090.13
18.2467 -349.947 1960.96
-225.363 -816.494 2237.64
78.3943 -738.653 1823.45
-85.9114 844.396 1984.77
-98.765 573.538 2022.96
-250.203 573.711 2041.63
52.6726 573.365 2004.29
-261.76 671.939 1848.16
143.803 724.37 1863.53
-106.285 818.661 1758.52
-45.0467 848.449 1782.8
-98.5182 342.727 2027.1
-200.052 112.033 2043.78
3.50977 111.8 2018.69
-230.676 -365.993 2089.87
35.0914 -346.887 1920.68
-224.132 -806.655 2237.24
105.545 -774.644 1816.25
-84.4814 847.669 1984.53
-98.1953 571.781 2023
-249.813 571.809 2041.38
53.4226 571.754 2004.62
-260.806 668.575 1847.06
92.7918 648.835 1781.09
-125.761 663.573 1587.36
-68.043 829.887 1772.56
-97.7777 340.557 2026.79
-197.458 109.352 2042.71
2.73804 109.316 2018.45
-228.357 -372.942 2091.08
55.5134 -326.324 1878.23
-216.839 -804.165 2229.88
96.3477 -760.952 1804.86
-81.7331 848.741 1985.92
-95.963 574.795 2021.86
-248.138 573.718 2043.74
56.2118 575.873 1999.99
-232.087 623.712 1838.05
94.3005 643.072 1775.81
-132.19 723.982 1665.58
-106.581 809.429 1753.28
-94.1801 340.248 2022.71
-195.799 104.968 2038.43
11.0041 106.432 2008.7
-229.616 -373.559 2082.39
55.2637 -327.653 1877.85
-220.03 -808.846 2227.25
94.1491 -775.911 1803.69
-59.1072 866.949 1991.9
-87.309 585.958 2009.22
-247.915 584.97 2041.38
73.2971 586.947 1977.05
-203.933 535.641 1805.02
99.1736 586.338 1769.53
-98.313 673.596 1579.23
-110.935 681.15 1780.92
-86.4085 351.238 2006.5
-185.989 115.9 2023.9
14.9727 117.137 1983.66
-228.021 -363.56 2078.34
53.8763 -340.869 1873.55
-215.729 -795.476 2216.43
98.4261 -789.682 1802.99
-57.4384 868.486 1991.19
-76.773 570.107 2006.01
-238.153 571.357 2038.57
84.6071 568.858 1973.46
-207.586 499.393 1807.01
54.4051 450.942 1748.58
-72.0834 729.531 1662.37
-85.0556 675.063 1750.98
-79.678 344.932 2000.26
-181.116 120.519 2014.38
15.9506 118.993 1974.63
-225.773 -359.026 2073.52
56.7884 -346.175 1868.8
-215.35 -787.383 2208.39
103.186 -793.381 1801.69
-58.6975 709.93 1983.13
-81.7143 413.641 1937.74
-237.748 409.133 1952.83
74.3191 418.149 1922.66
-148.229 246.675 1736.27
13.4394 255.574 1778.59
0.921925 473.319 1704.44
-44.6206 366.37 1589.61
-73.8058 230.239 1964.74
-163.328 44.0227 2001.15
31.5333 49.6523 1982.31
-236.109 -331.489 2062.64
72.4692 -404.15 1877.49
-225.668 -748.406 2190.77
106.961 -874.21 2014.11
-26.4996 707.044 1974.19
-74.252 416.339 1940.55
-231.127 415.609 1956.92
82.6226 417.069 1924.17
-161.444 227.716 1759.41
40.3384 229.943 1761.42
-82.0129 414.278 1555.02
-73.531 476.597 1618.59
-70.687 221.575 1966.02
-167.928 26.3422 2002.02
33.6835 27.2801 1980.98
-231.983 -356.503 2065.06
75.6401 -417.083 1868.74
-231.871 -761.658 2182.33
110.763 -880.713 2014.85
-16.5431 839.356 1947.6
-66.185 477.202 1961.84
-210.66 480.735 1992.01
78.2904 473.668 1931.67
-245.743 337.905 1888.84
52.664 274.089 1779.73
98.1217 411.692 1861.75
-91.0029 481.741 1603.36
-68.2998 266.59 1976.38
-167.223 58.3462 2011.14
26.3936 53.6108 1970.71
-217.558 -364.516 2064.04
65.8947 -391.836 1865.13
-219.208 -774.357 2189.54
104.099 -862.698 2000.82
-48.9825 818.559 1956.66
-65.2718 486.219 1966.04
-210.658 490.018 1999.65
80.1143 482.42 1932.43
-222.124 316.191 1912.56
48.6248 242.637 1784.95
-170.322 23.0037 1920.2
-84.4419 421.494 1608.35
-66.9923 282.544 1981.62
-160.124 81.2574 2018.33
22.699 76.4807 1976.07
-199.024 -365.43 2062.57
119.919 -328.004 1856.41
-215.362 -755.589 2197.43
91.9532 -838.107 2005.75
-59.5901 810.839 1968.28
-73.5063 496.925 1968.54
-209.616 498.663 2021.03
62.603 495.187 1916.04
-204.734 316.986 2039.47
40.7119 233.33 1767.68
-210.814 7.97234 1948.07
-88.9107 -38.9151 1648.25
-65.811 291.54 1995.29
-144.487 87.2583 2055.36
28.256 85.052 1988.74
-210.279 -370.296 2046.61
125.477 -301.384 1859.6
-219.821 -747.923 2186.62
99.3599 -708.754 1883.79
-65.8706 808.663 1971.73
-82.8713 516.556 1973.72
-222.209 519.206 2030.52
56.4664 513.906 1916.92
-206.354 304.223 2053.36
36.6755 239.581 1768.35
-227.923 -16.3661 1951.76
-49.0221 41.2343 1579.49
-74.949 299.622 2003.27
-141.838 84.1102 2063.33
7.78518 81.2645 2002.33
-210.588 -378.222 2050.06
138.861 -318.876 1838.32
-224.1 -768.538 2203.87
91.3922 -729.966 1888.13
-69.0113 810.951 1970.25
-85.9613 524.146 1978.61
-226.096 526.709 2041.42
54.1736 521.582 1915.79
-202.823 297.88 2065.86
33.359 244.475 1770.69
-225.133 1.14688 1965.38
-58.1512 3.68771 1497.57
-77.4328 304.844 2006.58
-142.718 86.8921 2067.65
4.90953 84.1911 2001.48
-212.723 -382.29 2069.33
136.076 -316.379 1841.45
-222.949 -774.387 2192.53
95.3859 -721.952 1826.57
-73.411 812.343 1968.28
-88.0521 523.389 1979.5
-232.659 524.438 2043.27
56.5547 522.341 1915.74
-271.709 201.182 2020.61
33.582 247.669 1772.98
-221.718 -35.6164 1959.15
-40.9007 -41.4218 1619.17
-76.5699 299.481 2009.23
-142.012 76.1313 2072.87
11.8362 75.0153 2005.03
-219.38 -395.589 2086.39
129.538 -304.348 1840.72
-220.618 -799.369 2197.55
68.9238 -670.725 2121.11
-75.4032 811.157 1968.3
-88.2576 529.581 1994.28
-233.623 532.303 2066.01
57.1076 526.86 1922.55
-260.336 212.142 2033.88
34.4164 250.108 1778.73
-227.101 -27.3097 1952.82
-46.3032 41.377 1507.44
-82.4832 306.971 2014.43
-156.078 85.846 2073.74
2.6609 82.8745 1995.41
-226.778 -387.636 2104.57
123.402 -302.886 1829.97
-213.558 -792.629 2202.25
122.328 -678.717 2081.25
-74.6795 810.452 1969.12
-89.1046 528.437 1988.94
-235.647 532.632 2055.27
57.4382 524.242 1922.61
-253.842 222.931 2041.87
34.2088 246.224 1779.07
-118.188 30.8362 2029.11
-39.1343 -49.1028 1633.08
-85.9156 307.82 2009.94
-164.587 89.5458 2067.99
-0.866465 84.8588 1993.89
-225.275 -373.714 2106.65
123.06 -289.185 1816.97
-214.314 -787.817 2208.69
117.045 -672.174 2060.22
-72.6224 810.589 1968.73
-84.9095 527.6 1985.53
-227.445 532.127 2057.26
57.6261 523.073 1913.8
-246.6 228.42 2049.83
29.7427 243.296 1769.31
-109.128 43.6144 2009.89
-45.04 -47.4619 1626.49
-82.8763 310.441 2003.28
-164.058 95.925 2062.9
2.37183 90.6388 1979.15
-223.196 -363.623 2072.81
130.14 -280.434 1816.31
-218.787 -771.923 2200.4
94.4084 -616.475 1819.46
-71.0714 809.518 1968.98
-77.918 523.464 1986.92
-227.417 530.47 2053.33
71.5806 516.458 1920.52
-244.752 232.546 2052.01
31.0602 241.338 1772.14
-114.295 37.2419 2039.17
-47.0794 -39.7873 1623.43
-79.1224 306.312 2007.12
-160.87 92.9336 2063.09
0.216679 85.3845 1991.54
-215.938 -367.045 2062.81
132.06 -268.999 1811.57
-216.609 -770.039 2202.77
95.8007 -623.419 1820.18
-69.3571 807.817 1968.47
-79.4631 523.127 1985.55
-228.767 529.482 2045.62
69.8409 516.772 1925.47
-246.123 237.267 2049.67
33.2731 236.698 1778.74
-116.011 40.6991 2052.78
-55.5409 -14.1573 1610.21
-80.1376 305.819 2006.86
-161.13 91.9299 2060.49
-0.494034 85.0925 1995.85
-213.088 -365.968 2076.53
133.451 -257.875 1803.59
-212.71 -766.659 2208.6
82.3137 -779.258 1897.77
-101.408 814.623 1961.75
-83.9009 535.681 1984.5
-227.236 539.333 2028.5
59.4342 532.03 1940.51
-259.318 268.487 2057.59
44.4823 261.256 1827.54
-127.55 62.7255 2084.43
-40.3153 89.7367 1634.62
-83.7122 319.682 2003.05
-151.381 105.412 2042.42
-15.666 101.955 2000.76
-187.868 -361.954 2096.99
154.533 -227.72 1811.12
-217.666 -766.009 2245.77
124.773 -759.753 1799.59
-94.6653 817.821 1979.9
-84.3062 531.187 1983.95
-230.098 535.326 2031.38
61.4852 527.048 1936.52
-252.145 272.426 2029.97
38.1758 247.197 1846.94
-126.332 48.1242 2056.75
-45.626 91.0091 1616.06
-83.8616 313.884 2004.28
-156.238 98.6493 2048.3
-10.5964 94.5145 2000.92
-183.788 -366.884 2096.74
-0.140538 -274.697 1901
-212.194 -769.187 2234.99
118.574 -755.422 1804.6
-98.2942 797.606 1985.55
-83.9691 528.226 1987.22
-227.924 532.268 2040.92
59.9855 524.185 1933.52
-255.015 271.908 2048.9
38.4539 244.834 1826.41
-134.204 39.9925 2085.62
92.1326 -109.782 1872.01
-85.43 304.672 2000.13
-162.782 83.2491 2041.35
-11 78.9881 1984.73
-189.148 -405.397 2086.47
-1.79104 -286.692 1917
-214.639 -790.284 2234.61
-219.573 -760.143 2243.11
-89.6685 800.51 1978.76
-88.2178 524.989 1981.1
-242.554 527.517 2008.78
66.118 522.462 1953.43
-171.739 203.935 1860.15
46.9034 240.337 1851.42
-154.473 33.859 2069.09
91.7237 -77.2152 1869.52
-88.6596 299.949 1999.19
-173.365 76.2883 2032.39
-4.83805 73.5286 2002.17
-188.197 -399.788 2096.33
-22.3894 -373.71 1857.31
-209.826 -803.857 2252.17
-226.582 -770.489 2199.17
-88.1987 802.838 1983.84
-87.7302 525.031 1982.34
-242.447 526.307 2010.21
66.9864 523.755 1954.47
-179.345 203.87 1870.95
49.5814 242.448 1855.01
-143.477 24.1791 2040.65
114.958 -65.7352 1897.33
-86.0044 299.004 2002.27
-169.6 73.6799 2037.57
1.04231 72.2724 2006.83
-198.746 -402.607 2088.55
18.9947 -378.928 1865.69
-213.842 -824.141 2227.54
109.303 -828.189 1983.78
-67.2446 796.967 1989.8
-86.3289 523.388 1984.86
-240.251 524.214 2015.53
67.5927 522.561 1954.19
-183.394 206.881 1889.65
54.8981 251.422 1860.17
-135.755 23.775 2021.3
114.239 -26.89 1886.24
-84.1949 297.228 2001.67
-168.923 71.5343 2035.78
4.80161 70.6015 2001.16
-201.151 -407.233 2086.9
30.9323 -365.277 1862.51
-211.521 -814.881 2229.4
109.239 -822.896 1995.14
-58.9974 784.886 1988.42
-84.348 515.347 1975.91
-232.206 517.454 2016.46
63.5101 513.24 1935.35
-197.377 239.677 1881.08
73.1295 213.561 1863.69
-25.5895 150.895 1630.13
1.85342 372.309 1644.55
-82.4999 288.704 1994.42
-170.84 63.3464 2037.67
9.5363 60.7758 1988.2
-201.037 -409.584 2091.21
24.0486 -402.216 1907.92
-212.422 -817.987 2234.2
-92.9907 -775.6 2133.25
-74.3572 753.984 1979.17
-142.464 403.904 1992.87
-263.297 381.472 2022.91
-21.6304 426.336 1962.84
-234.917 113.849 1921.33
103.17 299.413 1819.86
-79.7168 41.8272 1662.5
30.031 489.288 1622.18
-107.324 221.918 1998.32
-175.175 20.8127 2029.37
30.8044 59.0514 1978.17
-199.907 -435.138 2083.74
26.6888 -375.072 1920.9
-217.456 -863.158 2232.41
-239.826 -695.427 2223.22
-82.8203 739.912 1983.45
-83.4821 405.195 1965.59
-244.824 404.21 2004.49
77.8602 406.179 1926.68
-212.595 144.174 1924.48
48.2159 239.025 1703.25
-80.7312 152.856 1475.49
14.4318 453.111 1649.9
-77.9891 217.689 1983.62
-180.28 29.5249 2027.65
35.2875 30.8403 1975.67
-200.928 -421.704 2085.83
39.5155 -386.11 1918.03
-220.416 -867.075 2244.76
108.59 -742.475 1933.19
-74.9558 749.792 2006.85
-76.2547 404.999 1956.15
-235.095 406.886 1993.98
82.5854 403.113 1918.32
-207.365 149.522 1928.2
46.17 254.788 1715.67
-76.3327 175.419 1544.92
1.18045 403.709 1620.83
-72.8145 217.568 1979.94
-177.538 31.4221 2029.49
38.7897 28.8531 1977.97
-201.35 -424.513 2087.42
46.164 -380.359 1911.57
-224.828 -869.371 2248.27
100.104 -762.921 1834.67
-69.7895 751.566 2008.2
10.8693 452.667 2048.67
-85.9468 460.188 2147.23
107.685 445.146 1950.11
-190.802 315.309 2015.61
59.6744 194.364 1768.82
-126.783 151.315 1769.06
-16.6409 405.483 1445.27
-29.8748 250.132 2024.1
-149.6 53.7322 2079.94
8.36199 41.4614 1919.13
-173.787 -427.037 2145.13
22.9755 -373.291 1849.13
-197.976 -862.679 2273.58
74.3961 -765.091 1779.49
-69.4814 750.394 2009.05
15.1438 450.505 2050.97
-86.2393 466.175 2141.02
116.527 434.835 1960.91
-188.383 313.508 1978.89
67.3555 189.426 1778.25
-130.555 196.81 1726.38
-19.0582 424.955 1507.31
-33.4669 247.94 2031.49
-167.216 58.5337 2087.64
3.06103 32.2155 1936.38
-177.529 -410.606 2152.81
33.4776 -380.566 1832.71
-197.345 -840.055 2260.75
75.3927 -780.81 1773.71
-67.3782 733.318 2021.01
-66.291 460.263 2013.78
-216.055 464.526 2056.01
83.4727 456 1971.54
-130.354 186.455 1852.67
31.6625 219.614 1855.85
-65.03 337.483 1656.52
-62.1275 363.951 1656.35
-71.4854 251.259 2016.45
-184.139 45.3143 2049.43
30.7789 39.1966 1988.83
-200.86 -415.907 2110.68
37.9959 -411.015 2010.63
-205.534 -830.625 2241.28
89.8217 -748.122 1804.45
-2.19207 694.714 2058.73
-76.8737 476.535 2006.76
-233.722 476.369 2039.34
79.975 476.701 1974.18
-147.324 193.121 1848.36
15.6945 227.143 1827.08
-70.1855 340.388 1687.05
-70.1858 404.472 1652.28
-75.6224 260.319 2011.68
-182.147 43.9877 2038.99
33.4048 44.2161 1994.22
-202.3 -414.295 2101.21
38.5441 -412.188 2020.01
-212.688 -832.332 2230.75
95.2516 -757.844 1817.74
-19.9552 683.211 2051.55
-88.0922 472.974 2002.81
-242.713 468.857 2029.98
66.5284 477.091 1975.64
-159.666 185.158 1850.75
3.27116 278.852 1786.58
4.29521 309.788 1686.96
-68.0044 451.701 1651.89
-80.9004 258.43 2011.23
-180.46 41.0438 2038.4
33.0425 46.7288 2000.89
-203.443 -413.862 2101.46
37.1296 -409.781 2014.16
-215.784 -835.613 2230.54
95.0222 -763.58 1822.62
-48.1344 683.874 2028.29
-93.5306 443.357 1989.95
-247.363 438.238 2022.39
60.3022 448.476 1957.51
-168.147 190.869 1848.23
-35.0659 243.685 1759.34
22.8286 321.939 1663.77
-66.0091 544.588 1660.89
-83.3468 236.894 2005.66
-178.008 26.941 2043.48
31.6815 33.9189 1999.26
-206.655 -426.232 2104.64
44.2014 -400.545 1917.19
-215.066 -828.483 2231.53
107.493 -819.85 1972.84
-57.9308 684.285 2022.99
-95.282 431.987 1981.47
-249.993 427.362 2015.48
59.4286 436.612 1947.47
-185.743 208.617 1818.26
-42.6648 271.533 1771.86
27.0013 315.881 1674.98
14.1954 449.917 1761.12
-84.6425 230.418 2002.47
-177.783 25.7464 2046.27
29.7771 31.9507 2000.65
-208.515 -434.226 2110.57
43.1406 -398.471 1931.59
-207.395 -819.987 2251.12
103.057 -818.563 1965.82
-55.4651 690.194 2027.87
-97.1526 433.907 1977.43
-250.05 430.129 2014.7
55.7444 437.685 1940.16
-187.721 209.034 1811.55
-35.3213 267.755 1742.29
26.6962 310.986 1675.75
22.7731 467.269 1769.85
-86.4568 230.64 2000.71
-177.796 24.8504 2048.85
26.2743 29.8931 1999.11
-208.387 -431.365 2113.04
42.382 -384.309 1905.98
-207.868 -817.51 2251.58
100.276 -816.331 1958.31
-61.7895 752.692 1995.87
-94.3313 442.948 1980.15
-247.825 440.393 2014.59
59.1626 445.503 1945.72
-191.595 226.139 1805.92
-30.3818 270.201 1745.05
32.8883 327.479 1669.59
-66.1935 571.276 1691.79
-86.1292 235.698 2001.34
-178.991 26.766 2045.19
23.1372 30.1305 1999.85
-209.479 -427.816 2110.08
42.8208 -376.778 1901.48
-212.862 -817.898 2247.37
101.166 -815.195 1951.12
-61.1785 751.81 1994.7
-89.5728 453.39 1971.29
-243.337 453.361 2003.8
64.1915 453.418 1938.78
-190.36 244.116 1798.86
-11.1925 290.431 1734.25
36.6228 352.112 1660.7
-14.3081 526.478 1758.16
-84.9176 244.704 1993.12
-179.264 36.0007 2035.89
18.7386 36.0372 1994.03
-210.847 -423.883 2103.47
47.0346 -376.028 1905.1
-216.333 -818.92 2240.97
101.633 -816.985 1948.68
-72.7537 748.258 1974.22
-85.0357 471.54 1960.37
-234.758 472.73 1984.69
64.6862 470.349 1936.05
-184.473 254.68 1791.24
-2.20907 329.245 1739.08
-66.2323 386.536 1653.05
-38.3391 577.743 1752.53
-83.1248 260.256 1982.48
-177.06 49.7335 2020.16
14.6317 48.2091 1989.02
-212.052 -422.841 2098.82
51.7967 -372.014 1907.71
-216.146 -823.024 2234.69
101.058 -809.98 1976.59
-72.1449 743.883 1969.78
-78.1375 487.203 1969.87
-237.976 488.605 1984.52
81.7014 485.8 1955.23
-184.486 279.308 1790.07
29.6998 324.211 1750.27
-72.5771 447.324 1665.04
-45.8747 579.24 1750.15
-78.6019 269.293 1985.67
-172.514 52.2026 2010.03
14.3807 50.5626 1992.91
-213.067 -410.814 2091.76
53.1639 -377.613 1911.35
-221.14 -829.711 2225.71
104.852 -813.686 1991.09
-70.32 746.645 1970.28
-80.5794 487.665 1974.45
-239.712 488.556 1989.9
78.5532 486.774 1959
-187.358 296.479 1786.99
40.5677 327.308 1752.96
-63.8874 425.976 1658.89
-0.0733821 505.638 1768.93
-80.4422 269.456 1988.46
-176.264 51.7839 2011.77
15.6542 50.7091 1993.14
-215.259 -394.384 2086.58
54.0966 -380.918 1910.37
-222.744 -823.402 2224.05
105.141 -820.091 1999.9
-70.153 746.023 1969.81
-78.0465 485.585 1982.62
-230.559 487.899 2010.67
74.4657 483.271 1954.58
-187.105 295.359 1784.84
20.3044 345.811 1723.29
-62.7927 425.44 1657.49
-32.6033 565.207 1780.11
-79.639 266.952 1992
-175.178 49.7438 2018.66
12.7153 46.8925 1984.11
-214.932 -393.694 2091.95
53.7608 -385.672 1906.52
-222.055 -819.81 2229.1
106.702 -820.77 2000.2
-70.6504 745.306 1968.26
-78.7755 481.378 1982.72
-231.482 484.372 2016.63
73.9309 478.385 1948.8
-187.673 294.239 1785.92
10.2764 347.654 1706.47
-81.3806 446.005 1669.48
-53.2065 578.509 1796.15
-80.8438 263.718 1992.61
-175.794 47.8792 2023.14
9.96998 44.2376 1981.89
-213.724 -395.909 2092.94
54.2057 -386.086 1905.23
-223.889 -817.566 2230.23
107.004 -818.127 1992.26
-78.432 746.022 1945.01
-88.0222 481.487 1981.41
-232.745 483.777 2013.55
56.7001 479.196 1949.28
-193.598 293.257 1784.8
-21.1247 367.947 1709.83
24.5139 441.096 1672.28
-74.4484 628.076 1727
-89.1053 270.722 1991.56
-188.183 61.5087 2023.46
7.80571 58.407 1979.94
-212.397 -401.038 2094.93
53.4898 -388.171 2055.34
-223.143 -829.285 2229.78
103.298 -806.325 2002.08
-90.7942 734.218 1965.55
-85.1399 482.549 1980.35
-234.642 484.886 2008.06
64.3617 480.212 1952.64
-198.71 290.524 1788.15
-11.0147 366.143 1713.13
30.8261 448.191 1683.98
-24.8752 576.108 1805.42
-85.6359 269.662 1995.63
-181.636 58.2678 2028.61
9.37192 55.2818 1993.2
-212.563 -394.344 2098.25
52.7619 -392.185 2053.31
-225.264 -822.096 2233.89
98.9172 -809.143 1998.89
-72.2536 745.277 1985.1
-85.6082 484.382 1978.82
-238.172 486.048 2008.53
66.9559 482.717 1949.11
-201.974 293.087 1821.81
1.6188 368.209 1716.95
16.4759 423.691 1661.73
-34.9493 580.776 1802.01
-85.1213 270.025 1993.34
-178.98 56.6979 2026.23
9.7109 54.6381 1989.48
-212.657 -396.045 2097.53
52.1026 -391.419 2050.38
-223.975 -822.555 2233.19
98.8469 -809.668 2004.63
-70.768 745.485 1987.85
-87.0694 483.377 1980.77
-237.291 484.052 2011.21
63.1525 482.702 1950.33
-203.472 287.022 1829.34
23.7007 349.811 1766.69
-83.3917 445.023 1690.6
-46.2263 587.912 1794.3
-85.3475 269.104 1994.02
-177.775 55.2542 2026.35
10.5238 54.4078 1988.19
-211.631 -395.973 2098.27
52.6198 -380.906 1948.71
-225.877 -824.384 2233.55
98.054 -810.664 2007.76
-71.4823 744.817 1986.41
-89.6129 488.016 1983.46
-237.09 487.729 2013.73
57.8641 488.302 1953.18
-203.314 285.86 1827.08
35.1847 333.085 1793.65
-87.0406 466.674 1708.98
-53.2419 569.255 1794.18
-86.738 271.156 1995.41
-178.306 54.1131 2026.75
10.5796 54.48 1987.98
-211.275 -391.603 2097.23
51.4676 -381.744 1960.92
-225.879 -820.72 2232.72
96.1858 -813.494 2009.4
-72.9014 744.997 1984.53
-89.8093 492.584 1978.6
-235.029 492.57 2010.61
55.41 492.599 1946.6
-202.018 290.47 1817.48
37.212 322.839 1808.49
4.96317 411.905 1682.05
-52.4519 554.752 1788.58
-86.6203 274.113 1992.97
-177.817 55.6318 2028.14
10.9542 55.6509 1986.54
-209.47 -391.26 2099.79
51.9972 -381.321 1946.54
-225.387 -820.86 2235.14
98.7195 -812.711 2006.92
-75.1861 742.222 1984.05
-86.669 487.197 1977.51
-232.857 488.373 2010.08
59.5187 486.021 1944.93
-199.835 280.722 1820.58
36.0473 321.495 1810.28
-83.5678 425.483 1686.24
-51.2335 554.714 1787.54
-85.0603 270.999 1992.53
-177.647 55.5591 2028.54
10.7438 54.0439 1986.56
-208.534 -392.856 2100.7
52.174 -381.45 1937.93
-226.779 -818.164 2232.15
97.7462 -815.01 2008.32
-76.8658 741.348 1982.67
-85.488 486.66 1976.46
-232.734 488.526 2007.94
61.758 484.794 1944.99
-194.439 267.538 1814.33
35.6957 320.334 1807.73
17.6257 368.84 1636.89
-53.5971 555.187 1788.36
-84.9408 272.247 1991.73
-179.176 59.0342 2027.26
10.3891 56.6319 1986.74
-206.518 -389.535 2098.55
48.1932 -374.232 1929.73
-226.861 -820.618 2231.41
99.3849 -807.596 2013.2
-77.1096 741.894 1986.36
-86.0061 487.044 1976.95
-234.131 488.774 2006.59
62.1192 485.314 1947.32
-194.706 266.742 1817.44
29.2375 312.891 1799.05
11.4723 362.011 1637.72
-54.8693 557.186 1782.62
-85.5042 273.499 1991.93
-180.648 61.0708 2026.04
10.6432 58.8368 1987.77
-205.734 -386.846 2093.21
49.7304 -370.185 1921.35
-227.211 -820.302 2228.37
96.4731 -803.748 2022.33
-74.3534 739.48 2006.11
-84.6868 485.452 1977.88
-232.587 487.032 2004.99
63.2134 483.872 1950.78
-191.641 262.625 1815.34
31.2534 311.629 1799.2
6.98097 375.835 1649.48
-57.741 554.786 1776.21
-84.3515 271.956 1992.16
-181.344 59.4993 2024.27
13.312 57.4194 1988.6
-207.535 -386.518 2093.07
50.4873 -371.892 1915.86
-225.583 -818.979 2228.5
93.552 -804.102 2030.81
-71.7138 732.689 1996.79
-84.5539 476.445 1973.23
-232.287 477.978 1994.06
63.1796 474.912 1952.39
-191.775 267.833 1814.72
31.8937 296.797 1791.29
5.74854 380.228 1650.09
-57.8072 545.976 1774.2
-84.3753 265.5 1990.02
-182.452 55.5749 2020.66
14.0585 53.5357 1992.95
-209.563 -389.7 2090.08
52.6973 -373.914 1914.79
-225.252 -817.704 2224.7
93.498 -805.437 2037.21
-60.7443 699.389 2028.98
-88.4327 459.659 1958.37
-235.79 460.129 1979.06
58.9242 459.19 1937.67
-189.648 250.286 1812.83
-0.830823 308.891 1743.07
8.34553 362.743 1648.74
-51.0079 568.1 1787.07
-85.5855 256.705 1983.25
-180.442 54.0621 2021.85
14.9652 53.4391 1994.41
-209.274 -390.557 2090.93
52.1756 -372.619 1910.25
-223.984 -816.818 2224.84
93.6369 -757.797 1822.6
-60.2174 691.61 2038.21
-89.9589 453.57 1960.27
-236.308 454.31 1988.64
56.3901 452.829 1931.9
-188.272 234.122 1808.67
-37.3594 307.81 1733.53
24.5427 342.423 1650.74
-42.695 589.077 1793.67
-86.4522 253.599 1983.58
-179.305 54.1152 2025.57
13.4136 53.1403 1988.21
-207.471 -390.471 2094.76
50.9053 -372.277 1903.19
-220.373 -813.806 2224.38
94.2062 -760.491 1817.73
-63.8269 690.399 2046.13
-90.1505 442.211 1965.1
-233.055 443.596 2002.93
52.7537 440.825 1927.27
-183.556 218.977 1802.71
-45.5031 308.568 1731.53
21.0706 331.88 1645.39
99.5102 497.66 1942.4
-86.6081 248.22 1985.59
-177.701 55.1466 2031.13
11.5695 53.3115 1981.02
-204.404 -391.016 2098.79
49.1786 -370.803 1895.14
-218.591 -813.626 2230.43
83.7329 -768.361 1830.38
-57.5982 670.571 2076.39
-79.5489 440.062 1978.5
-231.319 443.661 2012.04
72.2207 436.463 1944.97
-180.761 198.619 1830.56
-38.3286 304.091 1727.04
21.921 321.665 1654.86
-35.1003 562.96 1764.57
-81.156 247.899 1991.86
-178.771 58.0137 2026.42
13.2452 53.4599 1983.99
-204.888 -390.177 2095.92
50.1336 -370.461 1897.11
-218.165 -813.638 2226.91
98.1939 -786.018 1834.85
-70.4451 680.293 2072.84
-71.4592 442.714 1983.95
-210.146 446.176 2031.99
67.228 439.252 1935.9
-147.463 209.366 1861.73
-0.578098 235.937 1809.44
38.1467 397.001 1742.46
-36.6408 428.182 1699.75
-65.8309 238.863 2014.88
-157.17 37.4323 2079.41
36.7643 32.5911 2012.23
-216.048 -385.374 2072.47
71.8321 -398.641 1925.88
-231.658 -790.403 2192.05
116.73 -831.164 1904.57
-70.8726 686.91 2060.33
-67.5162 455.125 1988.07
-210.46 459.752 2031.4
75.4279 450.498 1944.75
-157.56 227.296 1844.75
-10.4406 236.126 1794.84
42.1855 417.716 1808.95
-73.9872 475.558 1628.62
-67.088 245.765 2011.85
-162.312 39.5014 2064.61
28.992 33.3092 2006.63
-201.059 -394.364 2084.48
63.2782 -394.752 1918.57
-228.221 -813.628 2214.01
108.444 -829.356 1885.82
