27.1465 781.114 1803.55
3.22623 580.296 1786.24
-135.945 593.66 1822.45
142.397 566.933 1750.03
-295.848 590.573 1946.65
420.186 467.235 1713.28
-431.443 421.508 1919.61
593.572 268.433 1599.03
-19.816 385.748 1769.48
-133.865 199.939 1776.39
48.1488 182.462 1729.04
-153.751 -206.653 1797.7
33.7462 -215.324 1641.36
-85.6575 -596.26 1813.29
24.0498 -609.581 1608.75
23.5247 780.766 1801.81
-0.739003 580.024 1784.04
-139.212 593.22 1822.81
137.734 566.829 1745.26
-313.428 552.79 1958.33
420.088 471.114 1710.14
-393.276 350.935 1889.54
604.364 282.855 1597.65
-24.1018 385.553 1766.79
-138.031 199.712 1774.89
43.102 182.451 1724.17
-157.569 -206.976 1794.99
27.6986 -212.76 1626.1
-91.4855 -596.635 1816.36
17.1924 -607.745 1609.48
20.547 780.377 1800.05
-3.05856 579.576 1782.05
-141.333 592.159 1821.77
135.215 566.993 1742.34
-332.027 548.354 1967.75
421.541 472.06 1707.07
-366.773 322.601 1884.26
611.074 287.862 1594.61
-25.7662 385.04 1764.63
-138.892 198.733 1773.17
41.944 182.277 1721.23
-153.354 -208.207 1791.94
29.8167 -212.406 1620.33
-87.4435 -597.66 1817.48
20.6315 -607.793 1613.17
26.5348 781.635 1793.97
1.27044 580.902 1777.68
-137.113 595.119 1816.44
139.654 566.685 1738.92
-332.517 522.182 1971.87
421.263 470.527 1703.02
-360.054 288.223 1881.15
608.656 282.624 1590.73
-23.1031 386.433 1761.99
-137.974 201.261 1771.65
43.021 182.666 1720.96
-148.182 -205.833 1789.84
31.1385 -211.617 1618.26
-84.1997 -595.442 1818.02
21.8906 -607.147 1618.93
32.0802 780.525 1787.56
5.39334 579.889 1772.39
-132.473 595.202 1812.55
143.26 564.575 1732.24
-334.753 502.089 1976.44
420.136 467.763 1695.51
-370.986 258.396 1891.06
589.936 263.658 1584.69
-20.5121 385.55 1757.56
-136.576 201.225 1769
43.741 181.196 1716.48
-146.407 -205.885 1787.55
30.6219 -211.155 1606.9
-83.4237 -595.698 1815.43
20.7239 -605.923 1625.71
46.1805 778.949 1781.44
17.3545 578.604 1766.39
-120.356 595.502 1806.46
155.065 561.707 1726.33
-336.373 490.047 1981.72
418.071 461.879 1688.76
-392.797 242.597 1904.06
560.029 239.022 1579.37
-10.6905 384.545 1751.84
-128.789 201.536 1763.5
51.3186 179.436 1711.09
-137.072 -205.595 1782.52
37.7085 -213.616 1603.96
-79.5637 -596.061 1812.55
27.4673 -607.784 1634.04
54.599 778.021 1774.25
23.4898 577.954 1760.13
-114.281 596.647 1799.16
161.261 559.261 1721.1
-337.188 484.027 1983.35
415.533 455.938 1681.37
-421.014 236.198 1918.99
518.96 214.619 1575.42
-6.63569 384.136 1746.62
-126.86 202.542 1758.63
53.3373 178.093 1707.58
-143.237 -204.264 1777.77
32.3867 -216.422 1607.65
-83.7682 -594.005 1812.85
22.8495 -610.299 1643.48
58.7361 779.32 1769.76
27.3805 579.243 1756.16
-109.867 598.062 1796.94
164.628 560.424 1715.38
-326.942 495.922 1977.7
411.769 449.97 1672.18
-446.483 257.775 1937.05
472.584 195.912 1571.07
-3.07651 385.435 1743.09
-123.286 203.933 1756.69
56.2191 179.32 1703.36
-140.194 -202.666 1779.85
33.0096 -216.536 1609.28
-80.0382 -592.688 1810.41
24.4521 -610.238 1648.38
59.5609 778.319 1769.01
28.2385 578.421 1753.03
-107.907 596.064 1797.68
164.384 560.779 1708.39
-319.386 503.764 1973.13
407.846 442.968 1663.58
-470.432 280.716 1955.01
419.376 183.179 1569.08
-1.92356 384.75 1737.59
-121.148 202.62 1751.35
56.9768 179.538 1692.94
-137.845 -204.125 1772.49
34.1529 -218.325 1607.83
-81.9812 -594.351 1807.9
23.8571 -611.794 1649.39
59.4223 781.108 1763.78
30.6179 580.867 1747.44
-105.452 596.639 1793.07
166.688 565.095 1701.81
-317.535 505.376 1972.41
403.421 439.487 1655.28
-492.205 297.618 1970.83
371.545 180.999 1566.85
2.85154 386.867 1731.7
-113.885 203.179 1745.8
64.0551 182.553 1686.12
-129.106 -203.479 1769.67
44.0767 -218.207 1616.34
-73.8793 -594.039 1802.71
31.7368 -611.522 1659.11
97.0165 782.972 1754.87
60.1063 584.243 1738.34
-75.616 605.82 1782.28
195.829 562.666 1694.41
-313.085 511.98 1971.36
397.226 435.259 1646.62
-505.625 319.063 1982.85
323.415 185.165 1566.46
24.3679 391.718 1722.49
-100.189 213.313 1735.4
77.4475 185.073 1677.89
-118.195 -193.216 1759.63
56.1466 -217.343 1618.44
-65.5846 -583.802 1796.4
39.038 -610.431 1661.61
86.1362 785.223 1755.24
52.4199 586.033 1736.83
-82.8825 604.632 1783.42
187.722 567.433 1690.25
-288.303 531.235 1956.42
398.094 421.13 1638.77
-493.103 353.949 1991.06
277.7 192.345 1567.33
19.8237 393.047 1719.21
-101.241 212.222 1732.05
75.6956 187.899 1671.13
-131.284 -192.807 1764.1
45.3743 -215.348 1622.9
-79.4737 -583.671 1799.25
28.912 -608.743 1663.63
82.667 783.406 1749.96
50.468 583.926 1731.34
-84.5614 601.246 1779.35
185.497 566.606 1683.32
-293.654 531.617 1958.7
438.263 451.085 1644.44
-504.537 363.073 1995.48
283.016 243.423 1577.38
19.3299 390.664 1713.48
-100.078 208.724 1727.01
76.4619 186.079 1664.24
-124.171 -196.705 1760.15
52.0003 -218.414 1622.61
-71.7218 -587.565 1794.53
33.8805 -611.645 1664.34
83.8952 787.662 1744.01
52.3758 587.953 1726.36
-82.3841 604.919 1775.36
187.136 570.987 1677.37
-311.824 524.305 1970.35
458.674 475.054 1643.19
-526.13 352.142 2004.43
289.905 274.495 1577.24
21.8696 394.475 1709.45
-96.7413 212.089 1724.57
79.4681 189.905 1660.51
-115.64 -193.417 1760.59
58.7845 -215.507 1625.48
-69.5908 -584.875 1796.74
37.2911 -608.272 1669.8
87.1667 789.22 1738.62
56.7489 589.378 1720.39
-78.2781 605.477 1768.99
191.776 573.278 1671.79
-301.361 535.644 1961.28
465.94 493.931 1640.76
-517.204 364.538 2006.24
300.136 288.589 1575.41
27.3578 395.767 1702.87
-90.3231 212.682 1717.13
86.2565 191.628 1653.57
-107.911 -193.009 1752.43
66.5582 -214.229 1622.23
-66.5929 -584.903 1789.58
43.9492 -606.967 1666.37
94.3684 789.709 1730.88
63.2525 589.883 1713.58
-71.8123 606.761 1761.84
198.317 573.006 1665.32
-291.986 541.726 1953.7
466.653 502.929 1633.2
-505.502 366.449 2001.12
310.487 288.654 1570.66
33.1257 396.297 1696.96
-85.3207 213.747 1711.9
91.3185 191.675 1648.79
-107.943 -191.304 1751.26
69.1684 -214.637 1627.38
-64.1161 -582.74 1790.48
45.5106 -607.714 1667.68
102.9 787.893 1723.78
70.9403 588.176 1706.69
-63.9961 605.742 1755.09
205.877 570.611 1658.3
-285.833 544.929 1945.81
474.053 504.547 1626.95
-494.306 362.238 1990.52
329.286 281.697 1566.02
39.8626 394.72 1690.26
-79.4533 212.751 1705.47
97.0231 189.778 1642.18
-105.689 -192.085 1745.08
72.8747 -216.748 1627.07
-61.7205 -583.168 1787.61
49.3898 -609.799 1667.87
105.782 788.391 1715.82
74.0057 588.492 1700.7
-60.7156 606.324 1749.61
208.727 570.66 1651.8
-280.305 546.161 1937.33
465.029 484.275 1614.97
-475.935 348.853 1975.23
341.605 252.104 1553.03
43.1039 394.859 1686.18
-75.897 212.888 1703.63
100.301 189.566 1639.68
-107.853 -191.163 1746.65
72.546 -216.925 1633.58
-63.8939 -582.117 1790.5
50.2471 -609.766 1676.95
107.332 788.511 1707.11
77.0774 588.219 1694.45
-57.4697 605.497 1744.03
211.625 570.941 1644.88
-277.22 543.556 1930.12
455.522 448.642 1601.48
-456.615 330.335 1955.51
363.865 201.832 1543.49
47.6774 394.204 1682.28
-69.7098 211.488 1702.53
106.265 188.89 1637.69
-106.268 -192.036 1746.93
79.3806 -217.775 1635.46
-61.455 -583.193 1788.02
53.9708 -610.283 1680.07
111.296 791.115 1703.34
81.3222 590.774 1690.56
-53.5905 607.976 1739.16
216.235 573.571 1641.96
-279.611 524.277 1930.06
461.262 423.821 1591.25
-433.761 291.711 1925.43
399.194 163.914 1537.2
52.1538 396.717 1678.28
-65.2415 213.91 1697.77
111.212 191.411 1634.21
-112.729 -188.082 1744.56
81.5085 -215.104 1634.4
-60.8792 -578.91 1778.88
53.7839 -607.151 1681.59
125.442 793.691 1693.5
92.7672 593.655 1683.16
-42.2877 613.247 1730.37
227.822 574.064 1635.95
-277.314 510.647 1921.02
474.615 411.407 1583.6
-405.761 263.669 1890.65
449.166 141.558 1530.22
61.2017 399.859 1673.28
-58.6971 218.878 1694.28
117.97 193.25 1632.53
-115.317 -181.95 1740.83
90.6733 -213.464 1632.71
-58.7291 -571.751 1779.26
56.2831 -604.149 1685.71
129.932 794.583 1685.81
96.7201 594.55 1676.98
-38.7037 614.956 1722.78
232.144 574.144 1631.17
-267.163 503.33 1909.51
491.299 407.7 1576.8
-372.244 245.673 1856.55
508.342 133.227 1521.52
64.6623 400.755 1668.53
-55.9527 220.304 1690.04
121.162 193.616 1630.13
-122.49 -179.095 1735.51
94.2178 -213.138 1631.77
-66.5658 -568.835 1776.02
53.8821 -603.027 1686.47
141.748 793.206 1675.41
106.315 593.476 1669.08
-29.479 616.116 1712.61
242.109 570.836 1625.55
-256.597 501.679 1895.24
502.126 409.344 1574.87
-326.701 237.703 1818.35
563.322 137.516 1512.54
72.1294 399.969 1663.08
-50.8731 221.269 1685.55
126.761 191.654 1628.61
-118.19 -178.152 1730.67
99.8898 -215.056 1634.49
-71.2165 -568.675 1774.12
58.1241 -605.205 1686.5
146.222 796.482 1671.85
109.88 596.894 1665.62
-25.5365 620.106 1710.07
245.296 573.682 1621.16
-259.183 536.018 1886.97
513.064 412.169 1571.94
-284.705 269.812 1793.67
610.996 147.376 1505.52
74.7857 403.529 1659.68
-48.8522 225.343 1682.81
128.235 194.988 1624.68
-122.538 -173.204 1725.66
98.5879 -211.551 1629.36
-79.4359 -563.418 1775.45
54.5788 -600.964 1684.98
153.461 798.001 1669
117.278 598.388 1662.31
-18.3851 621.404 1706.15
252.941 575.372 1618.46
-251.616 555.555 1873.92
522.034 417.587 1569.98
-255.505 289.067 1770.31
647.233 160.13 1499.19
82.3813 404.995 1655.85
-41.2246 226.651 1678.06
136.194 196.551 1620.73
-110.06 -173.376 1714.44
109.139 -210.137 1627.59
-88.4977 -563.387 1773.86
62.2207 -599.099 1684.09
156.437 798.425 1664.54
120.951 598.679 1657.95
-15.1356 621.333 1700.66
257.038 576.024 1615.24
-247.844 561.104 1861.48
531.016 428.293 1567.49
-227.222 300.39 1743.68
671.633 178.217 1489.44
86.7068 405.164 1651.48
-36.5301 226.464 1672.94
141.455 196.835 1617.08
-112.549 -172.79 1702.17
111.657 -209.681 1622.94
-107.617 -560.803 1775.39
61.1826 -597.759 1682.32
159.456 796.67 1660.86
124.734 596.79 1654.21
-11.6593 618.976 1696.2
261.128 574.603 1612.23
-245.983 565.312 1852.29
537.507 432.648 1566.25
-212.99 306.377 1729.6
685.028 185.601 1484.47
91.2259 403.146 1647.69
-31.4749 224.011 1668.61
146.91 194.994 1613.7
-110.369 -174.897 1696.06
115.256 -211.362 1621.06
-123.366 -561.556 1775.4
62.1359 -599.045 1680.82
172.847 799.777 1659.1
133.671 600.784 1652.15
-2.22671 626.09 1693.88
269.569 575.477 1610.43
-241.744 572.572 1844.93
541.758 433.324 1564.63
-211.72 310.531 1725.66
683.78 182.638 1482.43
95.753 408.007 1645.57
-31.054 231.783 1666.29
146.724 198.677 1611.71
-113.95 -166.376 1693.35
112.632 -207.397 1622.39
-138.679 -551.787 1777.19
58.002 -595.023 1681.23
178.476 801.069 1659.4
137.875 602.376 1651.52
1.67614 628.698 1691.62
274.075 576.054 1611.41
-236.583 579.617 1841.47
543.387 434.166 1564.31
-218.537 313.319 1728.87
673.049 177.605 1482.86
98.4713 409.912 1644.02
-29.9962 234.66 1662.74
148.131 200.235 1610.29
-110.122 -163.995 1691.2
117.411 -206.104 1621.18
-144.81 -549.267 1773.11
59.5282 -593.226 1680.2
181.06 801.824 1658.4
139.883 603.221 1650.81
3.37238 630.103 1689.49
276.394 576.339 1612.14
-230.293 554.81 1827.73
540.693 430.582 1565.15
-230.403 290.375 1723.12
654.613 167.732 1485.45
99.9603 410.835 1643.62
-29.2293 236.028 1661.71
149.304 200.871 1611.13
-108.661 -162.636 1692.21
117.961 -205.441 1621.77
-149.147 -548.145 1771.16
60.6204 -592.501 1681.79
181.039 801.929 1660.48
140.473 603.246 1651.68
3.63898 629.603 1689.6
277.306 576.889 1613.76
-228.644 524.901 1822.87
537.849 427.293 1567.58
-255.074 258.957 1728.47
624.105 157.439 1487.94
101.051 410.805 1643.19
-27.8471 235.599 1659.5
151.107 201.129 1609.9
-105.408 -163.601 1687.78
118.354 -205.137 1617.14
-152.99 -548.814 1764.55
61.6595 -591.955 1679.31
180.346 796.995 1659.53
141.428 597.997 1650.43
3.38836 623.46 1684.12
279.469 572.533 1616.74
-238.816 502.948 1823.96
533.431 424.645 1569.82
-288.925 233.703 1741.6
585.21 147.013 1494.69
103.686 405.242 1641.47
-24.3672 229.146 1654.56
156.253 195.827 1610.47
-102.592 -169.95 1682.65
122.03 -210.315 1618.34
-149.762 -555.12 1760.44
63.9057 -596.946 1680.38
175.882 794.639 1660.98
139.064 595.279 1651.19
0.198696 619.4 1682.43
277.929 571.157 1619.96
-249.904 491.971 1826.5
525.72 420.822 1572.93
-328.845 219.664 1758.07
533.027 140.581 1501.06
103.354 402.174 1641.56
-23.1619 224.843 1652.35
158.448 193.296 1611.5
-103.676 -173.565 1683.43
117.425 -212.19 1617.8
-149.308 -558.443 1763.75
59.7111 -598.584 1681.66
175.391 794.506 1662.19
139.711 594.949 1652.07
0.265656 618.41 1681.23
279.156 571.488 1622.9
-242.064 508.349 1821.6
519.862 416.911 1577.97
-363.258 249.508 1778.91
477.05 141.773 1511.14
105.104 401.654 1642.1
-20.6822 223.7 1651.2
161.677 193.019 1613.06
-110.158 -172.392 1685.76
115.581 -211.949 1615.79
-128.756 -551.716 1761.3
60.2224 -598.073 1683.17
199.648 788.89 1660.87
157.722 590.646 1650.73
18.6276 618.752 1676.92
296.817 562.541 1624.55
-238.013 518.687 1819.22
507.932 414.966 1581.93
-393.447 276.092 1798.34
427.223 148.892 1521.41
117.105 398.599 1641.1
-14.5244 224.942 1648.61
167.499 188.162 1614.34
-110.695 -169.647 1682.47
114.616 -215.959 1614.48
-113.954 -541.046 1759.13
63.2513 -602.466 1682.77
213.239 784.245 1661.86
167.306 586.909 1651.18
28.3893 617.992 1674.91
306.222 555.826 1627.45
-221.096 530.717 1810.06
521.588 441.908 1596.46
-409.18 312.556 1815.09
396.98 196.53 1533.86
122.795 395.744 1641.01
-12.5518 224.904 1646.36
169.119 184.255 1615.32
-117.21 -167.271 1682.53
108.391 -218.738 1615.51
-113.139 -541.178 1762.68
58.1 -605.488 1683.31
181.879 790.824 1668.72
145.747 591.784 1656.11
5.73992 615.638 1680.97
285.754 567.929 1631.25
-227.055 526.367 1810.98
529.512 462.892 1607.04
-437.587 322.58 1824.28
376.391 233.301 1542.74
110.757 398.96 1644.07
-15.8746 221.75 1648.31
167.408 190.523 1615.76
-122.549 -169.297 1690.62
103.958 -212.102 1617.33
-114.352 -546.738 1770.94
54.793 -599.203 1683.98
182.94 788.648 1672.62
146.078 589.632 1659.35
6.02849 613.944 1684.25
286.127 565.321 1634.45
-252.522 519.185 1824.99
537.422 477.528 1622.58
-483.547 324.41 1839.28
358.132 269.255 1552.04
110.358 396.836 1646.69
-16.8677 219.924 1650.29
166.146 188.155 1617.75
-117.717 -172.026 1698.06
102.656 -214.498 1620.07
-109.086 -549.606 1776.05
54.566 -602.009 1685.11
187.396 786.211 1676.04
148.815 587.526 1661.73
8.62866 613.146 1684.73
289.001 561.906 1638.73
-274.256 516.586 1836.98
535.52 483.08 1627.56
-512.445 324.815 1847.4
343.571 284.106 1556.18
111.394 395.057 1648.04
-17.6731 219.337 1649.39
165.62 185.839 1619.32
-115.676 -173.23 1698.52
98.7716 -216.278 1620.72
-106.736 -550.494 1777.11
54.8407 -604.226 1685.99
190.569 784.003 1678.66
150.608 585.607 1663.64
10.3255 612.322 1684.9
290.891 558.891 1642.37
-287.124 518.289 1842.98
531.303 491.433 1631.95
-527.193 323.535 1850.29
340.195 290.032 1559.82
111.829 393.421 1649.25
-18.6714 218.702 1648.77
164.772 183.768 1620.97
-113.355 -174.223 1701.53
96.9933 -218.203 1623.51
-107.484 -552.091 1780.4
53.6282 -606.564 1686.73
171.545 785.966 1681.17
133.028 587.228 1666.64
-7.39347 612.891 1688.43
273.45 561.566 1644.85
-294.064 518.143 1845.48
530.751 497.95 1638.42
-531.049 316.704 1844.86
345.414 291.66 1562.92
95.6826 394.707 1652.71
-33.4773 218.965 1653.02
150.151 185.406 1624.53
-125.769 -174.252 1707.97
79.6147 -216.087 1624.06
-120.052 -552.467 1789.27
40.3625 -604.34 1690.4
175.296 785.659 1682.19
135.966 587.049 1667.9
-4.36515 613.371 1689.58
276.297 560.727 1646.22
-301.525 517.075 1849.74
524.807 498.564 1641.5
-528.728 308.694 1835.25
352.148 282.49 1563.58
97.763 394.666 1654.2
-32.2004 219.496 1654.67
151.32 185.072 1626.32
-110.184 -176.337 1711.23
94.5617 -218.348 1622.75
-103.839 -551.337 1788.65
54.2706 -606.657 1688.25
152.559 790.304 1688.22
117.083 591.079 1672.92
-23.2571 614.173 1697.62
257.424 567.985 1648.22
-297.773 519.045 1845.33
520.634 504.059 1646.58
-512.199 302.433 1820.85
368.184 274.661 1566.82
82.745 398.072 1658.27
-43.4065 220.173 1659.78
140.22 189.956 1627.46
-123.26 -174.817 1720.34
79.5344 -213.007 1627.3
-119.267 -546.253 1790.62
40.5893 -602.309 1687.32
141.353 790.412 1693.1
107.52 591 1676.39
-32.8332 612.605 1702.47
247.873 569.396 1650.31
-302.393 513.527 1844.66
499.308 488.029 1641.28
-498.169 288.068 1804.41
380.101 246.025 1559.73
74.8038 397.807 1660.36
-49.6812 218.74 1661.39
133.856 190.488 1627.29
-122.33 -178.33 1717.13
80.5669 -213.528 1628.91
-114.836 -548.895 1789.41
44.9531 -603.861 1683.96
132.084 790.382 1697.22
100.053 590.716 1679.9
-40.5446 610.974 1705.85
240.651 570.457 1653.96
-296.282 517.863 1835.05
482.151 451.517 1638.14
-455.742 275.824 1779
414.323 192.625 1558.45
69.1114 397.272 1663.27
-53.7622 217.075 1663.61
130.101 190.583 1629.68
-125.195 -179.887 1722.2
81.0148 -214.01 1632.75
-112.319 -547.402 1792.13
47.5878 -604.274 1689.81
129.637 790.27 1698.55
98.1481 590.476 1681.57
-42.5675 610.384 1707.23
238.864 570.567 1655.9
-296.149 509.929 1830.52
481.57 429.263 1636.07
-415.119 256.628 1757.46
465.612 158.456 1560.87
67.7839 396.902 1665.24
-54.5914 216.346 1665.7
129.431 190.311 1632.13
-124.595 -180.587 1726.46
81.2851 -214.445 1635.27
-109.44 -544.6 1792.54
49.5881 -604.897 1692.17
126.529 791.097 1698.03
95.4184 591.11 1682.69
-45.6519 611.117 1706.19
236.489 571.102 1659.18
-295.585 504.975 1826.76
489.272 419.125 1635.54
-375.536 246.442 1734.66
522.98 145.855 1563.69
65.4669 397.35 1667.85
-56.7429 216.676 1668.39
127.774 190.507 1637.65
-128.626 -179.905 1729.43
76.866 -213.929 1640.58
-111.447 -543.609 1794.92
48.5178 -604.901 1695.61
118.488 789.86 1697.59
88.1549 589.651 1683.64
-52.7625 609.244 1708.42
229.072 570.058 1658.87
-291.287 502.981 1820.88
496.143 416.567 1638.27
-341.209 242.878 1716.28
570.642 147.325 1565.49
58.8376 395.688 1670.28
-62.6287 214.537 1673.12
121.669 188.912 1640.72
-133.041 -182.63 1732.09
69.7035 -215.382 1638.81
-116.532 -543.603 1796.34
42.5704 -606.414 1694.13
120.971 788.285 1698.04
90.2561 588.088 1684.68
-50.7323 608.104 1708.75
231.245 568.071 1660.62
-284.644 505.993 1817.93
497.571 418.781 1642.13
-303.746 250.018 1697.7
609.187 160.384 1567.92
60.5391 394.14 1671.9
-61.3729 213.283 1674.86
123.017 187.104 1643.39
-125.796 -185.25 1731.1
75.7233 -217.761 1641.47
-109.567 -542.99 1795.04
48.6594 -609.212 1693.75
119.055 787.541 1697.45
88.889 587.218 1684.7
-52.5938 607.086 1705.6
230.372 567.349 1663.8
-296.759 538.912 1826.74
505.782 423.387 1642.57
-275.659 289.418 1697.32
643.388 174.005 1569.63
59.7952 393.152 1672.24
-61.8405 212.083 1673.45
123.243 186.091 1646.11
-129.666 -185.439 1732.81
72.5443 -218.372 1644.15
-112.876 -541.566 1791.25
46.2804 -610.197 1693.99
115.495 788.443 1697.05
85.4804 588.038 1685.29
-56.1938 607.973 1704.89
227.155 568.102 1665.68
-299.422 561.589 1829.8
507.386 428.691 1644.79
-260.374 317.147 1691.83
666.436 190.195 1569.57
56.5789 393.881 1673.85
-64.9611 212.759 1675.24
120.316 186.688 1649.61
-131.828 -184.669 1736.47
69.3594 -217.735 1645.15
-116.842 -540.003 1793.62
40.4934 -609.344 1695.27
109.551 790.561 1698.33
81.5213 589.864 1686.76
-60.3254 608.423 1706.51
223.368 571.305 1667.01
-298.641 573.713 1831.61
507.191 432.347 1646.39
-252.07 333.767 1685.72
680.298 202.692 1568.2
54.5242 395.425 1675.58
-65.2293 213.122 1677.32
120.284 188.85 1651.49
-131.193 -184.701 1737.03
71.4424 -215.778 1643.66
-113.605 -543.977 1795.49
42.8522 -607.393 1693.95
104.181 791.422 1699.75
76.9947 590.592 1688.41
-64.7828 608.546 1709.22
218.772 572.638 1667.59
-298.379 578.216 1830.81
505.595 437.176 1648.69
-248.746 340.74 1680.37
687.918 216.039 1565.7
50.7621 396.026 1677.55
-68.1827 213.2 1680.31
117.242 189.719 1653.08
-136.319 -184.306 1739.72
68.135 -214.843 1643.18
-117.121 -544.094 1796.69
39.1498 -606.345 1694.16
100.087 790.884 1701.03
73.2189 590.012 1689.59
-68.6132 607.672 1710.34
215.051 572.352 1668.85
-299.895 575.331 1830.33
502.79 439.596 1649.35
-247.791 340.221 1676.25
688.582 220.161 1565.28
47.3545 395.411 1678.43
-71.2565 212.358 1680.83
114.237 189.261 1653.7
-138.319 -185.955 1735.77
68.0003 -215.609 1642.67
-116.156 -545.43 1795.88
38.7644 -607.079 1693.77
94.9519 791.221 1701.97
68.7865 590.224 1691.13
-72.9548 607.393 1712.88
210.528 573.055 1669.38
-302.322 571.601 1828.72
501.397 440.301 1649.67
-249.195 334.646 1677.4
683.496 216.603 1566.1
43.5931 395.496 1680.66
-74.2924 211.996 1684.42
111.092 189.54 1655.97
-137.577 -186.896 1739.63
67.7993 -215.683 1646.09
-116.566 -544.662 1798.76
38.0437 -607.286 1695.84
90.8188 792.256 1703.16
65.44 591.177 1691.96
-76.2968 607.699 1714.25
207.177 574.655 1669.68
-303.971 569.992 1829.36
497.694 438.154 1649.83
-257.556 327.897 1684.19
671.88 208.222 1566.28
41.0273 396.37 1681.12
-76.0733 212.367 1684.86
109.302 190.758 1655.71
-136.066 -187.126 1739.43
69.3069 -214.728 1643.36
-116.05 -542.28 1795.03
39.0165 -606.135 1694.31
92.4058 792.378 1705.11
66.7045 591.383 1693.15
-75.2242 608.363 1713.77
208.633 574.402 1672.54
-295.982 536.993 1825.17
490.352 434.078 1647.92
-281.438 293.792 1687.7
634.609 185.667 1569.56
41.7538 396.675 1681.76
-76.016 213.072 1683.84
109.622 190.862 1656.88
-135.389 -186.357 1739.64
71.1382 -214.817 1645.76
-114.072 -541.122 1793.78
41.768 -606.348 1696.31
89.882 793.064 1706.56
64.1214 592.068 1694.71
-77.8591 609.041 1715.02
206.102 575.095 1674.41
-295.994 506.997 1823.57
481.175 430.04 1646.47
-312.47 257.897 1697.11
590.458 166.975 1572.4
39.2271 397.346 1683.41
-78.5113 213.722 1685.38
107.177 191.524 1658.82
-136.872 -185.925 1740.74
68.4904 -214.154 1648
-117.569 -539.264 1795.44
38.723 -605.751 1697.81
87.0752 792.705 1711.59
61.9216 591.789 1697.52
-80.1066 607.987 1718.13
203.95 575.591 1676.91
-297.223 513.484 1823.97
472.083 428.519 1645.73
-356.025 263.042 1718.94
541.869 153.679 1575.66
37.7491 397.136 1683.93
-79.3021 213.076 1683.81
106.455 191.891 1656.86
-132.896 -187.363 1738.08
70.7225 -214.036 1645.41
-116.32 -539.605 1791.88
40.6786 -605.846 1693.3
81.3947 792.41 1714.45
58.1119 591.366 1699.12
-83.9794 606.077 1720.36
200.203 576.655 1677.88
-301.75 515.568 1826.49
465.536 428.761 1645.86
-397.395 269.885 1738.58
485.613 149.087 1577.98
35.7402 396.587 1684.36
-79.5562 211.428 1683.49
106.293 192.187 1655.71
-131.962 -188.92 1739.64
71.5042 -213.886 1646.89
-116.016 -542.627 1793.4
41.3378 -605.84 1693.52
75.9994 792.479 1715.96
53.3893 591.368 1700.38
-88.7054 605.519 1722
195.484 577.218 1678.76
-306.706 518.064 1829.65
455.262 427.886 1645.43
-438.613 283.975 1759.11
430.111 149.787 1582.57
31.6891 396.53 1685.29
-82.9311 210.945 1684.33
102.909 192.438 1656.05
-135.448 -189.437 1740.22
67.3986 -213.608 1648.8
-119.255 -542.472 1794.21
39.4076 -605.792 1694.82
68.4913 791.668 1717.74
48.1699 590.395 1701.24
-93.7809 602.725 1724.71
190.121 578.065 1677.77
-313.389 526.739 1832.87
445.624 433.444 1649.7
-479.401 309.708 1785.62
362.668 173.034 1589.16
28.6151 395.395 1685.41
-83.7813 208.46 1684.94
101.902 192.331 1654.24
-133.929 -192.526 1738.58
69.6093 -213.977 1646.96
-116.779 -542.984 1793.29
41.8572 -606.155 1693.22
64.5404 791.349 1717.75
45.9319 589.909 1701.23
-95.9713 600.957 1725.64
187.835 578.861 1676.82
-332.197 524.367 1841.93
470.376 472.443 1666.35
-512.586 311.593 1800.78
343.529 232.766 1600.62
28.0159 394.749 1685.41
-82.6947 206.813 1685.55
102.894 192.364 1653.63
-131.771 -194.255 1739.63
71.7546 -214.062 1647.81
-114.885 -539.396 1792.47
43.6018 -606.142 1694.66
60.3474 791.515 1718.9
43.508 589.926 1702.29
-98.482 599.681 1726.78
185.498 580.171 1677.8
-349.103 524.181 1851.96
480.227 495.278 1676.84
-537.283 313.631 1809.24
331.614 266.848 1605.51
27.3389 394.625 1686.33
-81.6813 205.702 1686.39
104.021 192.944 1654.36
-133.471 -194.943 1741.04
71.955 -213.414 1648.39
-114.961 -537.49 1793.27
42.897 -605.383 1695.62
58.6158 791.015 1719.13
42.4781 589.368 1702.46
-99.5992 598.588 1726.69
184.555 580.147 1678.22
-359.06 524.585 1858.48
481.729 502.685 1681.17
-545.66 309.403 1810.71
321.465 280.853 1606.02
27.0478 394.014 1686.32
-81.2893 204.691 1686.03
104.524 192.632 1654.34
-134.941 -195.887 1739.36
71.6495 -213.636 1646.82
-115.589 -537.702 1791.85
41.4534 -605.378 1695.19
59.3243 790.748 1718.65
42.521 589.117 1702.41
-99.4982 598.989 1726.74
184.54 579.246 1678.08
-361.024 527.796 1862.74
480.53 507.44 1683.27
-546.525 310.295 1809.93
320.075 283.883 1608.42
26.2804 393.779 1686.87
-82.8317 204.897 1687.24
102.911 191.986 1655.42
-139.252 -195.259 1740.87
68.9936 -214.21 1648.52
-116.523 -538.144 1795.32
39.4421 -606.19 1695.33
58.8028 790.59 1719.4
41.9967 588.98 1702.88
-99.9544 598.682 1727.68
183.948 579.278 1678.07
-361.013 530.397 1863.88
480.274 510.636 1686.2
-546.135 311.589 1808.44
326.496 281.659 1611.57
25.825 393.683 1686.72
-83.1744 204.731 1686.78
102.481 192.042 1654.34
-139.755 -195.678 1738.33
70.6302 -214.326 1647.95
-116.338 -536.337 1793.1
39.6254 -606.332 1693.57
60.9193 790.568 1720.61
43.2011 589.088 1703.48
-98.5949 599.393 1728.92
184.997 578.783 1678.04
-358.504 529.201 1861.94
459.139 491.814 1679.61
-534.335 306.329 1800.13
342.481 248.018 1606.09
26.0067 393.933 1686.7
-83.9158 205.518 1686.55
101.54 192.04 1653.28
-140.665 -194.839 1738.37
70.3756 -214.375 1646.26
-116.237 -533.3 1793.54
38.6865 -606.085 1693.88
62.6005 790.845 1720.03
44.7532 589.365 1703
-97.137 599.706 1727.9
186.643 579.025 1678.1
-352.079 529.165 1856.06
440.069 460.407 1674.8
-524.127 304.768 1791.5
367.188 202.59 1605.34
27.6402 394.173 1686.54
-82.2611 205.742 1686.37
103.316 192.218 1653.8
-139.69 -194.418 1738.97
71.2527 -214.154 1648.91
-114.096 -535.316 1794.21
42.7943 -606.263 1695.18
67.119 790.565 1719.78
47.8802 589.232 1702.58
-94.1118 600.822 1726.28
189.872 577.641 1678.89
-349.538 521.583 1857.52
437.536 436.703 1670.9
-505.871 290.557 1784.29
398.763 166.993 1604.8
29.2098 394.188 1686.11
-82.3222 206.725 1685.13
103.401 191.564 1654.14
-141.984 -192.897 1739.26
69.6559 -214.667 1648.82
-114.934 -536.787 1794.95
40.2775 -606.795 1694.42
71.2548 790.77 1719.89
50.0403 589.689 1702.16
-92.0889 602.81 1724.08
192.17 576.567 1680.23
-343.177 522.246 1850
444.274 424.355 1669.94
-487.098 283.392 1778.69
434.131 146.832 1605.11
29.4341 394.892 1685.16
-84.126 208.677 1682.49
101.782 191.514 1653.81
-144.971 -190.514 1738.47
67.5288 -214.675 1648.25
-116.249 -537.433 1792.97
38.4515 -606.883 1693.41
75.2732 790.34 1720.15
51.8577 589.542 1702.04
-90.1354 604.217 1723.89
193.851 574.867 1680.19
-339.053 519.146 1845.79
453.141 417.675 1671.47
-467.35 273.486 1769.74
478.322 137.59 1604.73
29.0782 395.027 1684.65
-86.5552 210.109 1681.55
99.1525 190.915 1652.98
-144.226 -189.22 1739.76
67.4519 -215.472 1647.18
-118.662 -535.762 1793.87
37.0206 -607.559 1692.5
74.8425 791.779 1718.26
52.2366 590.816 1700.9
-89.9284 604.954 1722.02
194.402 576.679 1679.77
-331.032 507.074 1842.89
464.066 414.838 1673.24
-428.4 252.737 1759.78
539.45 140.046 1607.02
30.4002 396.123 1684.24
-84.4003 210.675 1681.4
101.528 192.185 1653.77
-139.59 -188.997 1739.69
72.6614 -214.401 1647.49
-112.958 -536.03 1794.75
42.995 -606.301 1694.86
74.5339 792.091 1716.77
52.4242 591.04 1699.73
-89.7971 604.798 1720.77
194.645 577.282 1678.69
-325.025 500.033 1838.94
471.025 413.426 1676.62
-404.347 241.536 1751.88
577.548 145.771 1608.12
31.1532 396.258 1683.31
-83.1194 210.472 1680.66
102.884 192.479 1653.14
-138.885 -189.197 1738.48
72.0611 -213.924 1644.81
-114.268 -537.501 1792.71
42.4694 -605.683 1693.4
94.2306 790.684 1713.31
67.4206 590.201 1697
-74.6016 607.613 1716.22
209.443 572.789 1677.77
-319.517 493.521 1837.44
474.008 416.215 1678.27
-383.539 233.65 1745.14
598.144 154.576 1609.13
41.4932 395.972 1681.37
-77.3446 213.135 1678.33
108.476 190.353 1653.17
-131.809 -186.786 1735.67
76.0484 -215.955 1646.26
-109.99 -535.492 1790.9
48.393 -607.849 1694.89
104.032 789.383 1710.25
75.4096 589.048 1694.96
-66.7542 608.067 1711.37
217.573 570.028 1678.55
-313.767 488.269 1836.2
479.993 413.105 1677.62
-371.275 226.75 1742.31
607.636 151.665 1612.71
47.7559 394.959 1680.34
-72.8698 213.308 1676.45
113.074 188.432 1654.99
-127.628 -186.625 1733.45
77.1857 -217.588 1648.69
-111.94 -540.402 1789.77
47.6359 -609.388 1696.96
103.363 789.491 1706.98
75.4254 588.961 1692.81
-66.9947 607.686 1707.43
217.845 570.236 1678.19
-310.39 485.64 1833.6
485.489 413.548 1675.81
-365.152 222.484 1740.26
606.635 149.041 1615.04
48.4858 394.681 1679.21
-71.5753 212.644 1675.17
114.668 188.158 1656.05
-125.949 -187.337 1732.21
78.3084 -217.814 1648.82
-115.389 -540.452 1788.56
45.5073 -609.557 1695.31
105.041 789.044 1706.51
77.5681 588.476 1691.81
-64.8479 606.755 1707.21
219.984 570.197 1676.41
-308.198 482.82 1830.3
484.742 414.275 1676.4
-360.015 219.444 1738.44
594.435 145.273 1615.5
51.0993 394.158 1677.68
-68.4896 211.793 1673.61
117.751 187.889 1653.47
-121.872 -188.592 1728.69
82.6733 -218.123 1643.22
-113.233 -541.746 1787.86
49.216 -609.481 1692.42
104.877 788.997 1703.08
78.2342 588.244 1689.37
-64.3165 606.042 1704.18
220.785 570.446 1674.57
-306.103 475.411 1826.15
484.867 413.637 1676.2
-357.302 209.525 1739.42
582.92 140.069 1615.58
52.5791 393.749 1676.17
-66.2904 210.892 1672.64
120.138 187.616 1653.28
-121.982 -188.847 1730
83.9531 -218.298 1642.67
-113.451 -540.348 1788.74
49.4449 -609.221 1694.52
108.119 787.982 1700.91
80.9706 587.262 1687.66
-61.4616 605.46 1703.15
223.403 569.064 1672.17
-304.548 469.706 1826.08
482.436 410.318 1675.6
-356.418 202.304 1740.96
564.479 131.427 1614.21
54.7462 392.804 1674.98
-64.6185 210.246 1672.44
121.662 186.446 1652.17
-117.921 -190.084 1727.89
83.5267 -219.286 1641.38
-111.649 -543.37 1790.65
51.2776 -610.263 1694.29
119.493 786.818 1697.65
91.3721 586.201 1684.86
-51.073 605.248 1699.14
233.817 567.155 1670.58
-300.774 465.855 1824.53
482.717 405.657 1673.8
-357.948 197.378 1741.98
548.095 122.368 1614.43
64.1609 391.849 1672.65
-56.2043 209.952 1669.77
130.104 185.04 1651.1
-105.85 -190.688 1726.32
94.4914 -220.922 1640.48
-104.749 -543.156 1787.27
59.0844 -611.486 1694.38
122.043 787.237 1697.89
94.4721 586.602 1684.22
-48.1065 605.43 1697.44
237.051 567.775 1671
-293.885 467.424 1823.77
481.862 401.831 1672.9
-358.577 198.706 1742.75
533.927 115.891 1614.15
67.5834 392.271 1670.99
-52.5434 210.252 1666.4
133.933 185.628 1649.11
-107.27 -189.289 1725.76
95.3514 -219.995 1636.45
-110.424 -541.128 1784.1
55.4747 -609.712 1693.11
120.775 785.902 1695.37
94.2364 585.137 1681.58
-48.4404 602.964 1695.14
236.913 567.311 1668.02
-289.947 468.209 1823.38
482.427 398.919 1671.45
-361.038 199.116 1743.64
523.977 112.632 1612.35
68.6738 390.631 1668.32
-50.1916 207.782 1663.92
136.414 184.467 1646.19
-105.636 -191.737 1722.96
97.4884 -221.137 1633.6
-110.692 -545.687 1784.25
54.1648 -610.373 1691.08
129.159 784.484 1694.01
101.459 583.912 1679.73
-41.1214 602.766 1692.91
244.039 565.058 1666.55
-287.47 468.606 1822.19
480.217 397.958 1671.22
-362.711 199.359 1745.02
516.032 111.134 1612.74
74.5015 389.626 1666.03
-45.6962 207.669 1660.96
140.784 183.01 1643.71
-98.9035 -191.71 1722.91
101.779 -222.655 1633.69
-108.522 -541.723 1781.4
56.0528 -611.505 1691.99
135.084 786.672 1694.43
106.145 586.382 1678.78
-36.3814 606.135 1691.2
248.672 566.628 1666.37
-284.23 468.3 1820.59
479.115 394.98 1671.11
-363.558 198.97 1745.06
509.492 106.092 1614.73
77.9438 392.379 1663.71
-43.4636 211.294 1656.76
142.948 185.457 1640.52
-99.9228 -187.56 1719.22
101.336 -219.931 1629.86
-110.78 -538.68 1778.48
55.3138 -608.128 1692.1
171.478 786.231 1697.51
134.52 587.701 1678.88
-7.16492 613.289 1688.13
276.205 562.113 1669.64
-279.586 468.627 1819.14
479.602 391.018 1670.51
-364.633 198.673 1746.79
509.149 101.065 1615.91
98.6249 395.38 1661.07
-30.0217 219.811 1649.31
155.482 186.309 1637.21
-88.0911 -179.156 1709.58
114.665 -219.171 1626.69
-99.0706 -534.135 1772.4
68.1698 -607.115 1690.24
197.175 783.35 1695.28
152.047 586.747 1675.18
11.5457 618.177 1683.75
292.549 555.317 1666.62
-268.792 471.81 1820.01
484.309 384.516 1668.75
-368.004 198.848 1753.28
509.377 95.1421 1617.67
108.269 396.288 1655.94
-27.4185 226.39 1642.31
156.401 185.27 1631.1
-103.381 -169.416 1700.8
109.019 -219.442 1620.46
-108.792 -540.248 1771.49
59.2176 -606.623 1686.06
213.217 781.306 1693.93
163.426 585.821 1673.16
23.6472 620.54 1681.92
303.205 551.102 1664.41
-260.399 474.405 1821.49
487.154 375.76 1665.88
-375.291 200.852 1760.14
502.444 87.6529 1617.75
115.141 396.443 1653.27
-24.512 229.76 1639.1
158.225 184.37 1627.65
-100.075 -166.583 1695.89
112.194 -220.594 1622.01
-120.038 -543.616 1777.75
61.5559 -607.583 1688.19
216.977 781.884 1692.59
164.774 586.869 1672.56
25.5425 623.13 1683.98
304.006 550.607 1661.13
-255.197 476.196 1822.27
491.081 368.879 1661.96
-377.785 201.114 1766.22
497.497 82.7674 1615.01
113.998 398.01 1653.18
-27.8057 232.859 1641.27
154.249 185.445 1626.33
-111.504 -161.923 1697.69
109.055 -219.66 1624.85
-121.711 -539.908 1776.14
54.8887 -606.663 1687.96
217.881 781.985 1691.4
165.157 587.006 1671.81
26.0193 623.576 1684
304.295 550.437 1659.63
-254.595 477.098 1827.14
490.043 366.438 1653.98
-387.724 204.352 1776.79
485.108 82.7735 1604.85
113.87 398.185 1652.87
-28.3749 233.271 1641.89
153.541 185.458 1625.96
-112.201 -162.301 1692.72
115.512 -220.344 1626.14
-114.279 -546.592 1773.09
57.6376 -607.105 1687.39
229.469 777.072 1689.33
172.544 583.163 1671.13
34.2846 622.633 1684.15
310.803 543.694 1658.1
-251.295 476.546 1831.58
489.524 364.219 1648.49
-393.682 206.457 1784.56
477.196 83.0544 1595.43
117.261 395.379 1653.34
-28.4418 233.408 1644.07
152.397 181.783 1627.03
-112.019 -162.53 1692.92
115.359 -224.155 1626.7
-111.905 -543.868 1768.41
57.7013 -611.081 1687.23
236.796 773.833 1688.72
176.659 580.894 1670.4
39.0864 622.554 1683.99
314.231 539.234 1656.8
-249.647 477.274 1834.79
490.763 358.107 1642.25
-398.676 208.969 1790.21
473.091 79.4128 1588.49
118.304 394.044 1652.46
-30.0086 234.435 1643.42
149.908 179.952 1625.64
-109.949 -162.52 1690.16
114.097 -226.119 1625.52
-124.669 -547.394 1763.2
55.6782 -613.178 1684.5
250.189 767.287 1685.51
185.607 575.749 1667.87
49.0004 620.62 1680.8
322.214 530.877 1654.94
-248.325 477.64 1835.89
490.878 353.055 1636.11
-399.839 209.127 1793.23
469.979 76.6757 1582.18
123.057 390.182 1650.99
-28.8365 233.963 1642.57
149.851 175.269 1625.66
-109.628 -162.557 1691.68
115.46 -230.93 1626.98
-117.37 -547.683 1760.08
57.381 -618.095 1685.65
242.175 769.694 1686.53
178.541 577.828 1668.55
41.8299 621.728 1683.67
315.252 533.927 1653.43
-244.665 477.323 1836.44
492.936 350.028 1630.54
-398.72 207.511 1797.89
466.369 78.6247 1574.2
116.942 391.934 1651.33
-34.0502 234.746 1644
144.738 177.333 1624.23
-117.823 -161.254 1692.36
108.995 -228.747 1626.95
-118.995 -549.32 1764.91
50.4482 -616.036 1684.33
247.028 768.618 1683.27
182.679 576.825 1666.96
46.192 621.346 1682.51
319.166 532.305 1651.4
-245.328 475.66 1840.22
491.971 349.513 1626.27
-397.075 205.395 1801.14
463.98 80.4007 1568.16
120.297 391.036 1651.34
-31.3255 234.356 1645.89
147.156 176.137 1625.55
-112.815 -162.057 1694.84
114.836 -230.212 1629.35
-109.65 -546.947 1764.64
58.4988 -617.544 1688.57
251.622 767.394 1683.09
185.912 576.073 1666.54
49.8329 621.57 1682.91
321.99 530.577 1650.18
-243.161 477.332 1842.11
492.987 348.752 1621.64
-392.634 204.681 1803.28
466.06 81.5184 1564.29
122.046 390.814 1650.52
-30.8033 235.306 1645.2
147.164 175.805 1623.8
-114.62 -160.45 1695.52
111.336 -230.254 1625.07
-111.658 -545.83 1762.18
55.7059 -617.3 1686.76
254.552 766.945 1682.15
187.721 575.952 1666.25
51.973 622.201 1683.29
323.469 529.703 1649.2
-240.575 476.666 1845.06
493.997 345.873 1617.32
-387.864 203.78 1803.97
470.803 79.6557 1560.86
122.776 391.01 1650.82
-30.9371 236.311 1646.55
146.6 175.825 1624.26
-117.062 -158.478 1700.35
108.678 -230.026 1628.41
-110.228 -548.381 1767.28
54.9629 -617.496 1689.15
260.536 764.919 1680.42
192.057 574.435 1665.48
56.6835 621.915 1682.12
327.43 526.954 1648.85
-237.786 476.336 1844.53
494.998 344.434 1614.15
-384.471 203.762 1804.67
476.291 80.4175 1555.52
125.591 389.947 1651.17
-29.402 236.509 1647.73
147.652 174.41 1625.97
-115.045 -158.677 1699.42
108.899 -231.386 1629.16
-109.514 -546.493 1765.65
56.4636 -618.872 1690.91
260.784 765.357 1679.18
192.758 574.624 1665.3
57.3395 621.755 1682.59
328.177 527.494 1648.01
-234.393 474.665 1844.26
498.001 342.72 1612.07
-383.663 202.893 1806.27
480.748 81.7176 1551.84
126.771 389.88 1652.07
-27.7712 235.955 1650.14
149.337 174.315 1627.52
-112.995 -159.451 1700.92
108.484 -231.283 1630.14
-112.895 -540.898 1762.15
57.0562 -619.07 1690.86
261.991 764.059 1679.9
193.122 573.623 1666.06
57.9666 621.382 1683.69
328.278 525.863 1648.42
-235.19 470.834 1846.13
497.504 341.854 1610.54
-382.496 195.854 1808.04
481.551 82.1266 1550.4
126.215 389.214 1652.69
-29.077 236.038 1650.86
147.691 173.574 1627.8
-118.233 -158.739 1699.6
105.682 -231.915 1629.53
-114.568 -544.091 1762.6
53.6949 -619.707 1689.77
263.294 762.969 1680.73
193.247 573.004 1666.34
58.4029 621.525 1684.28
328.092 524.484 1648.39
-232.591 466.419 1847.57
496.254 340.922 1608.77
-381.989 190.359 1807.97
483.743 81.7605 1549.79
125.196 389.064 1652.32
-31.037 236.854 1650.04
145.326 173.394 1626.57
-121.361 -157.837 1697.39
104.892 -232.256 1628.46
-113.095 -548.266 1763.61
53.6546 -620.266 1687.93
263.873 762.84 1681.38
193.695 572.922 1666.95
58.9212 621.495 1685.3
328.469 524.348 1648.61
-231.791 463.709 1847.79
493.628 339.959 1607.88
-380.449 187.19 1807.39
482.794 81.9828 1548.86
125.507 389.029 1652.91
-30.8152 236.901 1650.86
145.453 173.373 1626.87
-117.952 -158.499 1698.24
109.785 -232.668 1631.58
-112.849 -546.49 1762.04
54.9165 -620.473 1688.98
262.867 762.768 1683.89
192.122 573.123 1668.67
57.3864 622.165 1685.99
326.858 524.081 1651.34
-229.892 461.852 1847.89
492.819 337.979 1607.44
-376.874 184.154 1809.92
477.669 79.3295 1548.43
123.384 389.493 1653.89
-33.4674 237.934 1650.45
142.757 173.791 1627.79
-113.211 -159.331 1694.5
109.304 -232.442 1633.32
-130.043 -546.99 1762.43
52.3534 -620.346 1687.94
268.471 761.987 1683.78
197.016 572.58 1668.9
62.3939 622.229 1685.36
331.638 522.93 1652.45
-229.445 459.929 1847.44
492.409 336.987 1607.22
-376.322 183.01 1808.41
471.104 78.2366 1549.02
127.624 389.155 1654.64
-29.8046 238.198 1651.14
146.269 173.261 1629.62
-103.451 -160.395 1693.76
117.815 -233.329 1635.63
-129.796 -548.004 1763.88
58.673 -621.211 1688.02
271.091 762.04 1684.35
200.413 572.339 1669.53
65.4376 621.194 1685.46
335.388 523.483 1653.6
-229.229 459.462 1846.22
490.701 334.499 1606.61
-376.575 183.251 1803.45
461.643 78.0251 1546.71
132.167 388.5 1655.09
-24.3461 236.61 1651.06
152.189 172.712 1630.23
-98.1103 -161.951 1694.25
121.183 -233.727 1633.5
-131.17 -549.837 1762.72
61.2343 -621.435 1686.36
265.369 764.912 1686.3
195.413 575.018 1670.56
60.3217 623.186 1687.55
330.503 526.849 1653.57
-229.119 458.233 1845.11
489.346 331.251 1603.3
-377.652 183.455 1799.15
449.476 77.7572 1540.61
127.877 390.98 1655.34
-28.0018 238.442 1651.22
148.686 175.442 1629
-103.879 -159.496 1696.56
112.529 -230.563 1631.64
-142.275 -547.399 1763.67
53.0996 -618.587 1682.76
262.622 766.139 1687.28
193 576.179 1670.84
57.9017 623.941 1688.89
328.098 528.417 1652.8
-230.062 456.618 1843.56
484.169 327.126 1599.65
-377.189 184.033 1790.2
436.656 76.5441 1530.33
125.785 392.085 1654.89
-29.7777 239.224 1650.73
146.917 176.756 1627.13
-99.2525 -159.878 1695.8
116.321 -229.665 1632.1
-139.95 -547.977 1761.34
56.2028 -617.985 1680.01
268.859 764.2 1685.23
198.283 574.548 1669.36
63.5962 623.272 1687.9
332.969 525.824 1650.82
-224.525 455.81 1837.78
474.088 321.059 1590.82
-375.179 191.026 1768.7
417.994 70.676 1516.82
129.72 390.914 1653.88
-26.9204 239.143 1650.52
149.237 175.417 1626.27
-93.3513 -160.371 1696.7
122.043 -231.265 1631.4
-133.753 -548.781 1761.12
61.1511 -619.271 1680.89
273.167 760.748 1684.56
200.391 571.959 1668.43
66.5649 621.646 1690.1
334.218 522.272 1646.76
-217.264 457.91 1828.91
466.038 311.523 1577.43
-382.015 215.328 1735.57
400.863 64.0094 1498.12
129.925 389.088 1652.56
-28.0788 238.718 1650.87
146.996 173.716 1622.52
-97.8749 -160.402 1695.54
117.539 -232.827 1627.65
-134.802 -548.646 1763.08
57.6338 -620.782 1678.75
277.22 757.961 1680.99
202.357 569.872 1666.46
69.4768 620.949 1690.54
335.237 518.795 1642.37
-215.621 458.442 1821.98
453.033 299.762 1561.23
-393.56 249.583 1690.81
378.333 57.0272 1476.05
129.75 387.723 1652.15
-29.7592 238.978 1653.6
144.044 172.171 1622.1
-97.4172 -160.831 1695.34
117.531 -234.46 1632.12
-134.858 -548.232 1767.35
57.9546 -622.663 1681.72
280.879 756.062 1676.49
204.41 568.488 1663.83
72.5066 620.532 1690.95
336.313 516.444 1636.71
-220.796 459.701 1815.01
435.538 285.884 1540.63
-406.88 292.792 1642.87
344.774 49.1247 1451.92
130.185 386.859 1651.38
-30.3052 239.267 1656.66
142.226 171.192 1621.19
-95.3317 -161.37 1694.33
121.617 -235.717 1632.89
-132.04 -548.73 1767.11
58.4899 -623.534 1680.96
279.403 758.287 1673.37
203.446 570.373 1662.82
72.2651 621.818 1694.1
334.627 518.928 1631.54
-230.877 464.316 1803
412.808 274.953 1520.31
-418.598 353.963 1595.19
309.01 43.6604 1430
129.649 388.43 1652.57
-29.9528 240.137 1662.77
141.656 172.838 1621.85
-93.6552 -161.182 1694.85
126.432 -234.355 1631.68
-132.085 -547.788 1770.68
60.2955 -621.201 1683.27
268.809 760.062 1669.37
195.684 570.939 1661.16
65.6149 619.75 1699.7
325.753 522.129 1622.62
-233.903 475.584 1790.4
387.99 264.511 1500.59
-422.679 433.558 1565.4
265.961 43.4359 1409.57
124.657 387.802 1653.39
-31.5259 236.62 1670.86
138.785 172.708 1620.39
-89.086 -166.044 1695.99
125.621 -234.615 1629.01
-136.38 -551.682 1771.29
61.3766 -621.739 1681.02
264.513 759.19 1665.75
192.793 569.453 1659.08
63.9745 616.78 1703.28
321.611 522.126 1614.88
-235.935 489.758 1775.16
357.036 257.77 1481.27
-415.274 521.994 1550.16
211.063 50.5382 1393.27
123.136 385.717 1652.81
-30.7576 232.929 1675.44
137.717 171.032 1617.63
-84.3164 -170.697 1691.55
131.352 -236.437 1625.42
-137.72 -555.318 1768.01
63.8996 -622.517 1680.88
248.121 767.365 1663.55
182.907 575.344 1659.69
55.7116 617.7 1712.18
310.102 532.988 1607.2
-226.807 477.219 1774.65
323.653 256.959 1464.48
-390.457 584.566 1572.67
153.048 68.0254 1382.73
119.577 389.38 1656.29
-27.052 231.155 1687.27
139.546 175.677 1618.52
-82.6186 -172.449 1694.29
139.523 -231.821 1626.85
-142.261 -555.685 1773.04
67.5286 -616.57 1685.6
233.053 773.794 1664.84
173.653 579.899 1661.6
47.2672 617.826 1719.35
300.04 541.973 1603.86
-221.602 473 1759.93
284.362 263.009 1452.16
-370.927 639.499 1591.72
93.0401 89.3323 1377.89
116.016 392.098 1658.8
-24.235 229.087 1693.74
140.993 179.505 1618.25
-89.8001 -172.578 1683.97
144.632 -228.013 1626.21
-155.126 -554.912 1762.67
69.9624 -612.575 1682.93
207.47 776.366 1672.68
163.853 579.26 1662.4
35.9563 604.506 1722.71
291.75 554.015 1602.09
-220.014 486.024 1740.63
245.609 270.022 1443.4
-356.994 691.286 1601.47
32.8399 113.84 1381.79
121.648 388.294 1652.84
-3.60502 213.721 1682.43
162.491 180.935 1604.11
-85.1758 -182.991 1657.66
170.825 -226.524 1610
-150.601 -562.524 1748.24
92.7862 -609.957 1669.72
195.317 776.311 1678.23
158.683 577.849 1663.13
30.5528 596.789 1725.78
286.813 558.908 1600.48
-217.922 501.734 1725.41
199.262 277.002 1437.61
-338.132 733.194 1605.52
-36.3762 139.227 1396.24
123.267 385.56 1648.83
4.59191 205.579 1675.24
171.109 180.964 1593.82
-106.029 -184.222 1658.29
161.397 -225.595 1611.49
-179.977 -562.869 1746.04
81.9901 -608.474 1673.05
186.679 772.683 1683.75
153.196 574.178 1661.51
26.4604 588.005 1728.46
279.932 560.352 1594.57
-218.282 515.534 1712.62
158.98 290.469 1436.69
-317.848 766.933 1609.79
-96.9167 167.894 1420.74
120.976 381.821 1640.24
6.13244 198.478 1662.61
171.378 180.45 1575.33
-124.313 -185.781 1647.22
156.214 -225.629 1601.93
-199.412 -564.93 1732.23
76.4613 -608.524 1663.05
187.673 777.719 1683.26
154.535 579.309 1658
29.263 591.205 1728.33
279.806 567.414 1587.67
-211.863 534.452 1703.9
119.944 311.717 1442.83
-290.075 801.703 1621.54
-150.217 214.09 1470.99
122.645 387.052 1633.72
9.01581 202.556 1655.32
172.494 187.032 1563.54
-121.533 -182.545 1654.22
156.986 -217.637 1605.69
-217.912 -560.456 1712.47
78.7717 -600.337 1669.89
193.111 780.29 1692.05
156.494 583.843 1658.38
32.3367 594.356 1731.09
280.652 573.33 1585.68
-214.48 551.909 1700.09
92.3685 331.311 1449.92
-253.548 831.577 1637.14
-182.021 249.817 1512.32
121.298 393.488 1625.8
5.01556 209.999 1640.71
167.187 196.267 1545.74
-130.623 -173.657 1648.94
151.899 -207.627 1596.25
-232.521 -553.056 1683.15
73.8535 -590.114 1661.96
194.489 778.38 1699.5
155.94 583.728 1658.32
33.3127 591.8 1733.93
278.568 575.656 1582.71
-214.026 563.056 1701.28
68.0589 344.608 1456.95
-233.683 849.093 1649.12
-205.805 277.339 1549.05
118.911 395.113 1618.4
1.72692 211.775 1627.9
162.036 201.223 1529.06
-117.834 -175.481 1658.1
153.302 -201.125 1591.57
-241.422 -549.059 1665.63
74.703 -583.173 1659.16
194.621 778.623 1701.04
155.209 584.733 1656.56
32.9144 591.88 1732.93
277.503 577.586 1580.19
-213.314 569.835 1706.05
52.5133 352.799 1461.97
-217.209 859.313 1662.17
-218.187 295.113 1575.38
117.303 396.864 1613.44
-0.530005 213.665 1620.23
159.323 204.323 1520.41
-111.335 -174.997 1665.45
155.362 -195.924 1595.47
-246.227 -545.479 1659.57
77.2769 -577.998 1663.54
192.968 776.493 1707.81
151.572 583.844 1659.66
31.3927 589.537 1739.39
271.752 578.151 1579.93
-214.901 574.428 1710.69
40.6918 359.361 1466
-201.719 865.779 1679.88
-227.16 308.315 1592.46
111.731 397.191 1612.93
-6.71017 214.262 1618.35
150.488 206.816 1514.06
-107.889 -176.782 1668.49
147.229 -192.919 1592.86
-254 -543.43 1656.48
70.7537 -574.96 1662.89
191.547 778.819 1697.31
149.181 584.971 1655.3
31.279 592.734 1738.16
267.084 577.209 1572.44
-216.222 576.502 1715.33
28.8955 363.208 1470.49
-190.988 868.519 1693.65
-235.03 315.357 1610.38
108.06 397.26 1614.38
-10.1704 214.626 1627.64
144.048 204.472 1519.26
-94.2162 -180.445 1677.41
145.577 -195.832 1595.6
-256.402 -540.352 1664.06
73.1805 -577.758 1670.2
194.135 776.887 1691.09
148.611 583.076 1652.17
32.1674 593.421 1736.82
265.055 572.732 1567.52
-218.99 578.638 1718.68
27.4596 366.101 1470.76
-179.601 869.842 1705.81
-230.717 320.137 1617.74
104.371 395.408 1614.24
-16.0067 214.504 1631.67
136.269 200.976 1520.97
-90.0917 -183.947 1668.98
137.921 -201.32 1585.34
-254.886 -543.195 1657.15
68.8326 -583.348 1662.54
190.46 772.425 1691.72
143.33 578.717 1653.91
29.6802 589.122 1742.23
256.981 568.313 1565.59
-222.556 575.848 1724.1
31.2456 365.542 1468.9
-174.107 866.239 1714.19
-225.522 322.78 1619.03
97.538 391.146 1617.08
-22.5876 210.381 1638.02
126.079 196.77 1522.49
-87.5639 -190.271 1670.7
130.888 -207.171 1574.87
-253.135 -549.397 1658.43
63.952 -588.512 1657.13
188.449 768.325 1693.91
141.058 574.565 1656.5
29.3588 584.341 1747.38
252.758 564.789 1565.62
-222.5 569.657 1728.58
31.1273 361.771 1467.45
-176.141 860.714 1717.55
-217.876 310.621 1625.53
94.9952 386.945 1620.07
-24.1009 205.717 1643.06
121.965 192.933 1524.21
-86.0513 -196.069 1669.16
132.104 -212.144 1565.82
-246.97 -557.402 1657.18
67.4962 -592.81 1652.89
191.156 768.114 1694.08
143.754 574.126 1657.79
31.9426 584.541 1748.54
255.566 563.711 1567.04
-223.606 563.747 1731.49
32.062 352.383 1466.22
-178.169 854.997 1717.46
-215.277 295.148 1624.21
97.6376 386.28 1622.53
-21.574 205.242 1646.6
124.616 191.625 1527.94
-82.5159 -197.096 1668.08
134.07 -214.219 1562.79
-249.857 -555.479 1655.18
73.216 -594.967 1652.22
194.732 765.238 1698.97
146.72 571.612 1661.53
35.9102 581.101 1753.62
257.529 562.124 1569.44
-225.221 555.543 1733.27
41.0206 344.689 1461.61
-184.554 847.413 1716.62
-208.92 276.211 1609
100.354 384.05 1625.06
-18.4697 202.692 1648.82
126.445 190.284 1528.38
-87.3737 -198.478 1668.02
131.731 -216.174 1556.86
-248.308 -559.702 1652.98
72.6488 -596.739 1648.32
202.529 758.52 1704.25
153.266 566.255 1662.02
40.8764 575.428 1752.21
265.655 557.082 1571.84
-224.23 544.477 1735.41
50.045 333.867 1456.29
-197.75 836.585 1707.12
-201.464 254.251 1597.51
105.305 380.053 1621.19
-16.1552 199.849 1639.34
130.842 187.851 1521.38
-103.848 -197.322 1657.24
136.534 -218.667 1550.24
-250.414 -564.262 1640.14
75.2463 -598.883 1641.76
207.194 759.099 1703.41
160.429 565.903 1662.55
46.2572 574.874 1750.48
274.6 556.931 1574.63
-222.115 531.315 1736.08
78.1191 334.177 1448.51
-208.809 822.76 1696.17
-173.728 232.375 1564.5
115.06 378.822 1622.73
-4.97499 197.608 1640.41
144.359 185.873 1525.41
-113.221 -193.619 1666.44
145.8 -219.759 1564.17
-243.985 -566.459 1654.14
84.5496 -600.442 1653.8
197.925 756.913 1707.94
161.028 562.067 1665.95
43.4698 566.239 1749.39
278.586 557.894 1582.51
-216.561 500.824 1741.14
110.603 316.987 1432.44
-233.411 776.207 1654.57
-142.185 189.63 1522.96
125.262 373.383 1624.99
12.5307 187.431 1638.66
166.461 181.968 1529.41
-120.973 -195.769 1659.38
155.191 -223.711 1564.68
-242.753 -571.403 1667.26
92.9244 -603.247 1658.31
205.285 765.153 1703.49
166.386 569.053 1670.44
47.5684 578.743 1751.56
285.204 559.363 1589.32
-211.836 480.812 1739.56
153.125 300.482 1416.63
-251.944 729.718 1604.46
-97.7856 153.711 1473.51
128.95 379.063 1638.3
13.4393 195.44 1659.46
169.59 182.706 1552.86
-147.718 -176.763 1681.87
137.162 -221.272 1589.85
-263.993 -553.083 1709.85
73.759 -601.034 1681.83
225.905 767.008 1694.18
178.354 571.768 1669.63
59.355 590.713 1748.47
297.352 552.824 1590.8
-206.939 457.548 1741.28
210.907 291.283 1408.15
-258.956 669.144 1558.89
-32.7822 125.623 1423.07
132.569 382.556 1645.99
8.67447 205.778 1674.1
164.893 180.909 1570.6
-162.222 -162.668 1673.38
131.304 -224.174 1588.44
-267.049 -538.787 1728.25
66.0584 -603.983 1678.95
239.256 767.561 1685.64
186.305 572.858 1668.42
66.5061 598.616 1744.09
306.103 547.1 1592.75
-205.201 440.037 1731.61
269.305 292.164 1404.95
-251.203 605.431 1506.81
40.8024 110.461 1380.18
135.297 384.157 1651.9
5.86306 212.319 1684.91
162.715 178.593 1585.84
-158.177 -159.122 1666.6
133.754 -227.389 1591.13
-261.834 -529.153 1752.69
67.9752 -606.962 1682.27
252.725 763.723 1675
193.89 570.186 1664.94
72.14 603.46 1733.98
315.639 536.912 1595.9
-196.246 453.129 1716.2
323.92 297.104 1407.26
-225.432 539.261 1458.94
125.071 100.196 1342.66
137.237 382.59 1655.45
0.833835 216.79 1691.18
160.337 173.199 1600.73
-158.216 -156.896 1665.15
132.926 -233.112 1596.81
-261.576 -519.954 1777.65
66.8255 -613.261 1685.25
268.423 759.257 1667.6
205.965 566.533 1661.2
81.2985 604.781 1721.78
330.632 528.284 1600.62
-175.715 465.631 1706.51
377.827 299.568 1412.98
-196.146 465.634 1445.98
201.411 98.763 1316.82
145.776 379.73 1655.28
3.9929 217.962 1689.01
167.182 167.894 1609.71
-151.784 -157.477 1663.09
140.436 -238.466 1598.42
-250.043 -512.355 1802.76
75.0775 -619.202 1684.88
286.942 755.549 1665.14
218.149 564.913 1660.47
90.8365 609.61 1709.16
345.462 520.216 1611.77
-162.933 454.814 1680.98
428.356 307.355 1423.18
-161.601 385.562 1430.46
278.568 106.18 1301.36
151.728 380.154 1656.4
1.84384 224.699 1684.26
168.77 166.094 1620.41
-157.397 -149.913 1669.73
133.192 -239.511 1605.79
-249.84 -494.993 1835.49
67.8942 -620.753 1690.04
270.448 763.423 1675.13
207.818 570.701 1668.76
75.3183 612.599 1702.77
340.317 528.803 1634.76
-151.856 430.353 1633.87
477.772 329.14 1436.86
-98.4541 309.83 1412.98
361.94 129.635 1295.36
147.139 384.023 1662.34
-0.42564 224.82 1678.22
173.347 169.87 1633.62
-151.608 -153.225 1677.81
134.728 -235.244 1612.69
-247.545 -486.855 1864.4
68.8149 -616.614 1695.89
250.363 771.898 1683.29
196.032 576.903 1673.55
59.4661 614.041 1693.42
332.599 539.766 1653.68
-128.784 400.067 1584.44
514.537 350.552 1459.74
-22.1405 244.744 1409.7
446.249 165.354 1291.26
143.236 388.085 1663.59
1.03424 223.58 1666.63
179.846 174.954 1640.62
-138.706 -157.636 1688.7
135.86 -228.835 1609.03
-244.759 -481.228 1887.95
70.0435 -610.948 1688.78
232.355 776.753 1692.83
185.864 580.096 1678.21
46.7628 612.61 1685.82
324.965 547.581 1670.6
-97.2317 368.363 1546.16
549.973 378.805 1488.08
54.3088 195.288 1420.6
527.936 218.164 1294.04
140.553 389.705 1663.45
4.36375 220.557 1653.66
186.12 178.071 1643.72
-132.821 -158.788 1702.07
135.005 -224.257 1604.96
-253.409 -531.995 1944.43
69.5893 -606.369 1685.08
203.565 788.147 1700.05
172.699 589.07 1683.12
31.4612 611.351 1680.67
313.937 566.789 1685.57
-64.5505 343.128 1523.68
579.562 407.363 1522.42
119.512 161.872 1440.71
600.113 283.278 1301.79
142.591 396.327 1665.92
20.0901 218.159 1647.11
204.878 189.008 1650.31
-114.531 -158.609 1718.05
145.075 -211.798 1608.13
-224.033 -498.788 1954
80.9497 -594.349 1687.21
187.88 790.694 1706.55
164.43 590.623 1686.68
22.7489 608.627 1674.57
306.111 572.62 1698.79
-27.7052 323.476 1510.15
569.916 436.361 1599.7
183.398 139.738 1466.26
655.689 373.722 1377.6
141.515 396.904 1666.79
26.1591 214.931 1638.99
211.041 191.438 1654.8
-118.612 -155.574 1723.26
132.765 -204.86 1604.82
-235.459 -532.366 1990.24
69.9881 -588.214 1680.99
179.125 785.402 1718.85
157.328 586.19 1689.86
15.9226 604.589 1671.64
298.734 567.791 1708.08
9.30638 312.566 1505.1
582.663 460.28 1638.86
236.098 129.057 1493.9
711.406 446.423 1423.43
135.898 393.302 1661.39
22.2686 212.411 1621.05
206.668 188.418 1644.81
-120.542 -154.685 1722.54
119.958 -206.257 1594.06
-228.501 -499.428 1966.85
57.9113 -591.177 1662.08
170.209 782.457 1725.85
149.317 583.591 1692.68
8.35161 602.426 1669.94
290.282 564.756 1715.42
39.7063 306.225 1506.07
574.483 477.661 1677.61
278.35 128.567 1521.53
740.978 499.24 1484.28
128.807 391.017 1660.32
16.2846 210.738 1613.11
200.311 186.15 1642.8
-116.376 -151.776 1739.8
114.985 -210.135 1603
-226.82 -534.701 1996.46
53.4056 -595.887 1666.73
164.498 773.569 1731.6
143.625 575.254 1694.65
3.3657 595.217 1667.94
283.884 555.292 1721.37
44.7127 322.009 1511.55
585.299 490.861 1698.81
282.762 147.828 1539.81
772.787 548.977 1524.15
123.137 383.203 1658.71
11.0193 204.194 1605.32
194.28 178.111 1640.22
-109.665 -158.083 1744.99
112.192 -219.144 1601.64
-209.81 -509.335 1981.16
52.5057 -605.518 1663.56
157.081 770.045 1736.43
137.57 571.771 1698.09
-2.20018 591.476 1668.27
277.34 552.067 1727.9
48.8383 329.881 1514.68
605.166 508.439 1707.42
292.597 167.555 1552.97
811.64 592.039 1551.13
118.452 379.752 1660.81
7.9926 200.61 1604.05
190.674 174.856 1643.02
-105.92 -156.525 1761.66
110.57 -223.254 1608.55
-213.348 -541.498 2008.71
51.8445 -610.573 1665.16
151.801 768.536 1741.54
134.024 570.151 1702.71
-5.30754 589.162 1670.24
273.356 551.139 1735.19
65.4216 324.432 1515.86
576.207 504.041 1734.84
313.77 172.306 1571.94
800.03 596.774 1599.24
116.614 378.025 1664.93
8.12299 198.327 1605.93
190.284 173.471 1648.38
-102.945 -156.353 1771.95
111.242 -224.547 1610.11
-204.164 -510.396 1999.5
51.9278 -612.521 1661.3
139.595 764.802 1753.96
127.743 567.307 1709.47
-11.0719 583.891 1673.65
266.558 550.722 1745.29
65.1079 331.232 1517.22
583.176 507.563 1753.94
311.69 184.972 1588.75
813.201 612.332 1624.27
116.063 376.049 1666.18
13.6023 195.637 1599.46
195.165 173.945 1646.31
-98.136 -155.891 1772.19
112.672 -222.483 1600.19
-206.168 -545.247 2015.33
56.1711 -611.359 1647.62
132.084 762.551 1762.7
123.794 565.905 1713.78
-14.656 581.327 1675.94
262.244 550.483 1751.63
77.5743 324.583 1517.14
596.122 513.302 1760.97
329.057 186.795 1594.45
839.82 615.558 1634.33
115.578 375.462 1666.24
16.8469 195.102 1593.95
197.878 174.937 1643.44
-99.3771 -151.172 1774.29
107.692 -219.884 1598.01
-198.643 -507.367 2000.96
54.0281 -609.376 1643.8
128.607 761.81 1766.22
119.149 565.538 1715.71
-19.0067 582.289 1677.24
257.306 548.787 1754.18
83.2948 321.291 1516.07
608.567 513.151 1761.49
336.294 187.913 1596.85
862.628 608.12 1632.99
109.768 375.458 1666.64
10.0596 196.33 1592.41
190.715 174.426 1642.71
-107.648 -144.07 1782.68
96.1273 -219.975 1602.84
-215.737 -542.202 2029.19
43.9612 -610.341 1642.18
130.418 761.064 1767.39
120.607 564.997 1715.96
-17.4964 582.199 1677.42
258.71 547.796 1754.51
85.6515 320.147 1513.54
566.747 492.21 1773.69
339.542 188.091 1594.99
824.135 579.254 1652.48
110.908 375.123 1665.98
10.9108 196.496 1590.79
191.509 174.002 1641.19
-98.6372 -144.922 1784.23
104.117 -222.049 1601.25
-196.931 -507.93 2009.19
51.605 -612.233 1642.26
130.645 757.847 1766.33
121.35 562.236 1713.05
-16.736 579.471 1674.41
259.436 545.001 1751.68
87.8251 315.572 1510.27
565.873 480.604 1774.35
341.88 180.989 1590.29
818.724 557.76 1636.78
112.203 372.807 1661.23
12.7628 194.649 1584.16
193.351 172.109 1634.69
-97.1081 -147.44 1776.5
105.152 -223.844 1594.88
-203.038 -546.891 2022.77
54.4699 -613.937 1638.99
130.642 761.041 1763.28
121.17 565.307 1710.42
-17.4179 582.16 1673.47
259.758 548.453 1747.37
84.4148 314.283 1505.14
581.94 470.804 1761.67
335.834 172.669 1578.6
831.08 524.826 1602.89
111.818 375.754 1659.04
11.832 197.222 1583.49
193.098 175.178 1631.82
-100.095 -144.239 1775.89
105.702 -221.775 1602.82
-195.969 -508.164 2000.89
54.4997 -611.767 1647.38
135.298 763.142 1755.7
124.551 566.781 1705.53
-14.4487 583.62 1670.15
263.55 549.943 1740.9
65.2216 316.127 1500.07
551.057 453.059 1763.76
313.1 164.762 1552
795.282 477.36 1597.89
113.909 376.607 1656.82
12.3683 197.444 1584.97
194.167 175.42 1631.24
-101.87 -150.837 1762.59
111.091 -222.774 1606.17
-202.494 -550.647 2014.26
58.2714 -611.893 1655.92
162.198 760.836 1748.96
141.512 564.659 1702.32
2.69998 587.111 1669.99
280.323 542.206 1734.64
35.6041 317.009 1496.17
546.571 442.054 1754.86
280.007 158.664 1520.1
771.051 436.585 1566.4
121.359 374.688 1656.91
10.3468 199.413 1590.34
192.065 170.021 1632.65
-108.992 -156.485 1747.28
110.661 -228.842 1612.79
-197.349 -516.801 1982.66
58.1799 -617.724 1664.84
180.509 766.037 1734.91
152.445 568.908 1698.27
13.5118 594.355 1668.74
291.379 543.461 1727.81
-3.66072 317.909 1497.22
553.385 423.083 1734.4
232.023 149.861 1486.26
745.579 370.614 1521.63
125.068 378.014 1662.58
6.84552 203.759 1607.58
188.536 170.481 1646.21
-113.836 -161.616 1738
113.197 -229.622 1627.29
-196.766 -503.434 1963.13
57.4308 -617.486 1683.23
191.524 770.583 1716.74
160.093 572.214 1692.38
20.2353 597.675 1667.72
299.951 546.753 1717.03
-54.1563 325.761 1508.18
557.419 391.159 1705.77
156.604 142.53 1450.1
701.235 277.316 1487.67
129.31 380.126 1668.63
7.05394 204.691 1628.75
190.001 171.386 1661
-114.627 -171.685 1710.43
121.662 -229.039 1630.12
-190.216 -502.105 1935.12
63.2652 -616.066 1689.12
204.33 770.554 1700.01
168.857 571.904 1683.65
28.1343 598.618 1668.53
309.58 545.191 1698.76
-118.371 340.627 1528.74
528.994 340.722 1668.99
26.6098 133.291 1416.2
611.586 169.696 1462.93
134.07 379.567 1667.59
7.09879 204.729 1641.63
191.467 169.73 1661.43
-114.896 -177.66 1672.68
127.271 -230.461 1620.37
-186.708 -513.949 1878.59
63.614 -616.86 1677.92
221.28 767.912 1692.17
178.6 570.367 1678.35
38.2233 601.348 1672.44
318.977 539.386 1684.27
-174.641 362.209 1561.6
494.08 295.896 1636.69
-113.955 153.415 1396.83
519.813 88.8927 1445.53
136.966 379.093 1664.61
3.43357 208.102 1647
187.23 167.538 1654.74
-117.224 -176.691 1639.95
123.731 -233.151 1616.18
-185.168 -521.925 1825.31
58.3525 -619.357 1673.27
234.069 766.447 1686.71
186.733 569.779 1673.35
46.8471 603.424 1675.68
326.618 536.134 1671.02
-214.816 384.576 1599.91
461.054 263.449 1606.48
-241.843 199.882 1399.51
436.174 34.3082 1436.53
140.705 379.333 1660.04
3.21059 210.886 1648.26
186.146 166.887 1645.22
-106.228 -177.533 1618.05
128.739 -235.227 1612.5
-176.391 -534.607 1772.74
62.027 -620.844 1672.03
244.374 765.5 1676.13
192.718 569.678 1665.75
53.673 606.009 1674.63
331.763 533.347 1656.87
-250.86 407.718 1630.56
423.602 242.253 1576.83
-356.146 249.263 1421.6
357.907 -0.311845 1434.23
142.507 380.047 1655.38
1.42667 214.159 1650.81
183.166 166.673 1639.2
-98.7306 -176.468 1605.63
127.863 -235.947 1608.21
-169.974 -545.431 1723.09
61.1759 -619.872 1677.25
247.341 765.818 1668.17
193.452 570.416 1659.99
55.3993 607.924 1676.46
331.504 532.908 1643.52
-223.352 448.391 1677.42
383.367 227.648 1546.97
-402.812 334.166 1505.89
290.941 -25.6374 1435.79
141.062 381.192 1651.78
-1.59714 216.495 1654.35
178.944 167.443 1632.81
-90.5455 -175.717 1596.13
129.226 -235.917 1601.88
-159.338 -554.889 1668.07
60.3217 -617.887 1678.96
249.634 770.082 1663.21
192.999 575.385 1655.72
56.5211 614.212 1680.16
329.477 536.559 1631.28
-232.162 467.679 1707.28
342.207 221.823 1525.07
-457.867 388.695 1559.22
231.153 -37.9633 1433.86
138.012 386.83 1648.21
-6.23746 223.668 1656.68
172.287 172.88 1624.71
-82.7282 -170.262 1590.28
128.198 -231.41 1597.9
-145.857 -554.195 1602.11
58.4658 -612.902 1676.97
227.204 781.537 1672.04
180.986 584.829 1657.9
43.8699 614.72 1689.11
318.103 554.938 1626.68
-213.085 488.675 1729.78
306.419 216.392 1510.69
-470.768 438.597 1629.02
177.723 -43.795 1427.93
136.376 394.22 1644.46
1.96431 223.188 1651.48
181.568 184.035 1610.59
-68.2277 -172.681 1587.2
146.356 -221.158 1585.03
-97.6895 -555.459 1540.52
75.6936 -601.304 1669.56
207.988 784.763 1673.31
168.51 586.619 1657.56
31.4725 610.997 1694.06
305.547 562.241 1621.05
-224.068 496.863 1749.74
278.186 219.199 1501.22
-499.608 477.656 1679.71
132.384 -40.5705 1423.1
130.373 394.632 1642.6
2.7023 218.573 1651.5
181.772 186.717 1603.8
-68.1773 -178.877 1597.86
140.211 -218.085 1581.64
-81.0918 -554.846 1503.06
69.0336 -597.259 1670.11
193.332 785.755 1676.07
160.085 586.687 1657.28
23.1839 605.71 1697.72
296.987 567.665 1616.84
-248.57 505.969 1768.28
252.047 221.594 1493.51
-537.137 511.444 1725.36
97.5269 -35.403 1418.4
127.996 393.801 1639.38
6.4517 213.345 1647.91
185.362 188.485 1595.06
-53.1094 -186.042 1594.58
146.478 -216.476 1570.15
-62.4142 -553.575 1463.92
73.0404 -594.092 1663.3
181.335 781.614 1680.67
153.569 582.184 1657.21
17.0009 595.998 1701.03
290.136 568.37 1613.4
-275.332 512.033 1796.6
235.451 226.285 1484.65
-570.152 545.316 1789.7
71.9797 -25.9485 1407.34
126.818 388.945 1634.76
10.8063 204.735 1640.94
189.328 186.677 1583.67
-38.458 -193.572 1572.78
151.643 -218.275 1556.32
-49.7877 -557.37 1425.45
74.5449 -594.722 1651.27
172.986 779.105 1682.28
148.864 579.336 1656.94
12.5904 589.924 1702.91
285.138 568.748 1610.97
-286.18 513.029 1817.27
225.709 224.142 1475.79
-583.266 558.986 1831.54
59.8393 -26.7453 1395.18
125.624 385.775 1632.63
13.3414 199.131 1638.36
191.426 185.295 1578.28
-35.317 -198.73 1565.71
147.017 -219.112 1553.67
-45.3076 -558.76 1405.85
73.8979 -595.58 1651.63
171.03 773.824 1685.07
148.125 574.207 1657
11.9732 583.176 1703.98
284.277 565.237 1610.02
-296.599 513.522 1832.64
221.84 224.568 1468.88
-595.026 563.937 1866.8
58.5003 -26.9007 1385.51
126.072 380.795 1630.02
15.0432 193.245 1633.73
192.994 181.521 1572.33
-34.2271 -203.069 1553.05
143.818 -222.115 1544.32
-44.3429 -564.562 1394.26
75.573 -598.651 1645.43
161.002 772.662 1689.52
141.489 572.904 1659.8
5.75956 578.879 1708.51
277.218 566.928 1611.09
-307.311 512.768 1842.8
221.406 222.786 1462.91
-607.194 563.206 1891.31
59.2533 -29.5143 1379.02
122.709 379.356 1631.21
15.181 189.715 1634.48
192.676 181.901 1570.78
-39.8471 -204.618 1547.87
139.769 -221.469 1545.62
-46.4271 -570.294 1397.92
73.5302 -598.571 1646.07
151.548 770.653 1692.88
134.574 570.889 1661.53
0.346658 573.968 1714.36
268.802 567.811 1608.69
-312.18 503.4 1846.86
225.175 222.894 1459.41
-614.266 546.8 1898.48
76.899 -37.3585 1374.67
118.264 377.334 1631.37
14.1481 185.793 1635.77
189.758 181.766 1566.64
-52.6301 -206.09 1546.71
132.235 -221.07 1543
-54.2567 -576.538 1408.66
69.9946 -597.724 1647.53
147.538 775.785 1696.94
132.377 576.26 1663.16
-1.36886 577.179 1717.41
266.122 575.341 1608.9
-310.103 491.709 1845.43
236.568 224.444 1457.69
-612.853 520.848 1885.73
102.841 -41.9434 1374.25
117.851 382.936 1630.63
15.8927 190.213 1633.56
190.758 189.012 1562.63
-62.6693 -200.279 1548.31
130.094 -213.698 1547.18
-57.5493 -572.063 1413.41
73.8977 -590.028 1656.06
148.251 778.535 1692.28
130.302 578.737 1661.74
-3.4122 582.398 1716.02
264.015 575.076 1607.46
-303.051 469.856 1831.72
261.275 227.723 1458.33
-604.792 482.087 1835.41
150.877 -49.8699 1381.07
113.061 385.154 1632.32
8.39176 193.964 1638.4
183.249 189.176 1567.42
-79.6554 -197.133 1567.25
116.105 -212.571 1565.81
-113.705 -573.024 1458.09
62.0833 -590.991 1668.31
154.221 784.675 1689.11
131.282 585.049 1661.17
-2.76209 593.019 1714.07
265.327 577.078 1608.28
-287.041 450.937 1816.83
282.617 234.867 1464.12
-581.545 435.545 1777.19
196.166 -49.2926 1387.78
109.183 391.629 1634.32
-0.594608 203.422 1642.06
174.764 192.995 1572.86
-91.6315 -188.227 1576.76
108.793 -209.076 1576.43
-146.282 -567.683 1489.2
57.3693 -588.908 1675.08
157.048 787.934 1688.65
129.828 588.607 1662.44
-4.63731 600.232 1713.55
264.294 576.982 1611.33
-250.268 437.725 1801.64
311.795 238.94 1473.03
-526.608 391.931 1721.1
244.093 -49.9531 1397.35
103.559 395.479 1637.26
-10.6451 209.953 1645.5
165.227 194.748 1578.65
-103.18 -182.44 1586.4
103.122 -207.976 1585.25
-173.609 -564.981 1530.6
53.7834 -589.555 1678
157.674 789.196 1687.02
128.014 590.025 1662.01
-7.18632 604.045 1710.55
263.215 576.006 1613.47
-240.145 414.869 1779.3
338.885 246.473 1487.49
-487.793 348.701 1648.03
297.005 -46.3697 1411.01
99.3788 397.049 1637.99
-17.664 213.24 1645.7
159.151 194.906 1582.22
-109.381 -180.741 1597.05
103.197 -208.604 1593.62
-194.817 -563.471 1568.4
54.0525 -592.322 1676.86
156.415 788.922 1686.99
125.716 589.759 1662.93
-10.7525 605.402 1707.15
262.184 574.116 1618.71
-226.585 394.945 1752.64
365.927 251.734 1506.72
-431.687 306.278 1576.75
353.975 -44.7558 1432.89
96.1117 396.784 1639.83
-22.7539 214.041 1645.66
155.769 193.578 1587.81
-119.26 -180.308 1615.51
102.208 -210.347 1598.2
-210.293 -563.211 1613.75
55.2209 -594.704 1680.08
156.744 791.023 1691.14
124.999 592.061 1666.64
-13.2073 609.577 1703.75
263.205 574.544 1629.53
-212.283 373.96 1707.79
400.977 257.883 1540.83
-315.252 242.463 1498.93
423.404 -38.7634 1469.97
94.2558 399.296 1643.14
-26.9508 217.998 1643.92
153.976 195.067 1595.34
-136.82 -173.194 1639.35
98.7371 -208.668 1595.29
-230.018 -543.747 1707.95
55.4128 -592.292 1682.44
170.185 789.276 1690.03
131.814 591.291 1668.17
-7.1899 615.018 1696.97
270.818 567.563 1639.37
-192.707 357.534 1670.21
423.408 264.96 1571.19
-201.26 205.374 1453.92
475.104 -28.8408 1501.32
94.7467 399.448 1647.32
-33.3775 223.148 1645.34
148.736 192.062 1607.6
-152.131 -164.798 1664.9
91.366 -211.032 1594.46
-244.371 -523.646 1782.69
50.4631 -594.294 1684.46
188.141 786.394 1692.83
142.737 589.884 1671.71
3.59242 619.804 1692.35
281.882 559.964 1651.06
-167.871 349.775 1635.4
440.693 275.026 1598.87
-100.562 181.192 1434.13
521.49 -10.0221 1535.05
98.8174 399.468 1651.65
-36.1666 228.632 1645.11
145.962 189.47 1618.09
-158.69 -157.654 1678.93
89.9238 -212.916 1589.96
-246.768 -501.238 1840.14
51.0879 -596.518 1679.55
194.725 782.751 1698.67
145.69 587.147 1676.68
6.36695 620.679 1689.26
285.013 553.614 1664.1
-143.414 339.36 1602.1
451.885 285.052 1621.32
-13.8875 161.964 1430.32
559.154 11.3009 1568.13
98.1846 397.626 1655.73
-40.4071 230.029 1643.01
141.766 186.183 1626.56
-163.859 -154.352 1693.23
83.197 -214.888 1586.72
-251.891 -484.579 1884.03
46.5557 -599.715 1671.81
205.63 764.912 1714.97
148.492 572.404 1687.62
10.7117 612.979 1691.04
286.271 531.829 1684.21
-112.062 327.031 1572.67
460.176 292.152 1652.46
71.1236 153.113 1450.08
587.2 28.651 1604.88
92.9281 385.919 1661.61
-52.8505 226.001 1637.83
127.58 172.866 1633.36
-171.046 -151.975 1724.95
62.2775 -225.748 1581.54
-268.245 -523.557 1942.49
30.4689 -614.148 1648.3
198.915 753.101 1732.86
138.982 562.279 1699.84
1.74846 605.736 1698.8
276.216 518.822 1700.87
-87.9592 315.931 1555.25
462.204 293.629 1674.71
130.072 151.215 1471.93
603.628 37.7612 1631.89
80.6912 377.447 1668.18
-67.1674 220.978 1635.85
111.968 164.252 1637.2
-171.236 -154.059 1749.5
48.2054 -234.1 1580.27
-263.869 -499.688 1966.4
24.9692 -625.402 1630.27
195.759 741.323 1749.25
132.527 552.456 1711.28
-3.95633 598.795 1708.79
269.01 506.117 1713.77
-73.9552 309.941 1549.56
462.142 284.331 1691.86
162.63 153.149 1488.19
618.047 36.4128 1653.56
71.0809 369.518 1674.74
-79.4927 216.84 1636.58
98.7625 156.318 1639.83
-175.826 -152.765 1773.6
37.5697 -241.335 1575.35
-264.976 -535.073 1997.95
22.4409 -634.098 1618.06
175.463 722.592 1764.98
112.472 534.928 1720.99
-24.2092 581.147 1719.87
249.153 488.709 1722.11
-67.4973 303.002 1547.28
455.038 270.658 1707.43
181.509 155.501 1504.97
616.527 26.81 1667.27
51.3393 353.118 1678.63
-99.0942 201.506 1635.53
79.5078 141.111 1636.99
-188.395 -163.387 1790.21
17.7576 -254.236 1560.5
-268.136 -520.015 2005.15
8.2715 -647.668 1600.47
171.574 714.178 1775.09
108.099 527.077 1729.03
-28.4972 573.768 1727.92
244.695 480.385 1730.14
-67.2473 295.501 1545.64
449.52 258.328 1718.22
188.684 151.831 1512.63
613.137 16.0428 1675.32
46.5021 345.817 1684.62
-104.378 195.077 1639.48
74.1881 134.04 1640.93
-180.91 -160.012 1820.39
24.3304 -263.515 1567.52
-255.001 -548.274 2030.55
15.9534 -657.383 1604.74
167.629 710.609 1778.64
104.412 523.602 1731.61
-32.1857 570.369 1729.67
241.009 476.835 1733.54
-64.6224 288.747 1543.32
445.262 246.664 1724.62
194.314 144.048 1515.85
607.932 3.24794 1678.26
43.0336 342.449 1686.23
-107.651 191.873 1639.59
70.9625 130.721 1642.13
-178.332 -161.063 1828.72
22.0088 -264.813 1557.89
-250.542 -523.539 2031.8
16.4867 -657.586 1605.22
167.691 716.992 1767.79
106.126 528.253 1726
-30.9949 573.503 1724.31
243.247 483.002 1727.68
-68.8019 283.367 1539.64
437.642 240.833 1724.32
183.246 128.799 1503.42
592.215 -6.87301 1673.37
46.2962 345.451 1685.66
-103.198 192.24 1644.22
76.1303 133.06 1646.42
-163.108 -158.672 1841.33
31.3323 -264.077 1567.05
-238.341 -510.559 2035.2
29.244 -657.015 1614.09
173.089 727.143 1752.05
113.034 536.507 1717.85
-24.5912 580.155 1715.19
250.66 492.859 1720.5
-83.9107 289.204 1543.79
429.8 240.904 1719.7
152.786 120.575 1489.8
579.386 -8.06357 1662.95
55.083 351.767 1684.72
-92.8676 195.571 1649.85
87.1314 138.483 1653.32
-150.277 -158.602 1842.51
43.9946 -260.549 1583.08
-228.198 -504.3 2032.93
36.8681 -654.336 1621.03
176.175 744.554 1721.67
120.486 551.073 1701.77
-18.1751 591.229 1701.18
259.146 510.917 1702.37
-107.856 303.996 1558.24
420.042 249.995 1704.44
93.4229 110.42 1476
546.049 -6.02659 1640.25
66.3078 363.708 1682.56
-78.5763 202.612 1662.96
102.836 150.076 1663.74
-140.774 -160.422 1835.78
67.6283 -251.546 1605.88
-217.91 -500.664 2029.49
46.9384 -645.317 1636.02
174.546 759.807 1698.35
122.659 564.463 1688.85
-16.7953 601.594 1691.23
262.113 527.332 1686.47
-131.336 321.394 1576.51
410.158 260.544 1690.27
35.1247 105.564 1473.94
507.332 -2.02554 1620.4
72.1366 375.299 1679.71
-69.5991 210.421 1672.14
112.827 161.848 1669.03
-145.104 -160.098 1820.64
78.3508 -241.136 1620.33
-214.099 -502.781 2009.56
44.9706 -634.587 1638.69
170.803 768.945 1680.92
122.121 572.38 1678.2
-17.7614 607.146 1684.98
262.003 537.615 1671.42
-148.586 334.1 1594.67
402.204 272.32 1677.63
-25.4491 95.5496 1483.23
470.085 4.85407 1605.43
74.69 382.034 1675.66
-64.2395 214.429 1677.56
118.758 168.948 1668.69
-148.401 -161.865 1805.68
88.3433 -235.523 1631.1
-208.679 -508.3 1988.77
44.3724 -628.292 1641.65
156.396 771.36 1665.24
117.822 572.683 1668.25
-23.3184 600.42 1677.83
258.963 544.945 1658.67
-167.742 344.499 1614.63
392.68 280.191 1664.34
-84.439 90.6285 1501.89
434.24 10.0972 1593.14
80.2196 380.273 1671.35
-49.7704 206.02 1680.73
135.005 169.707 1668.19
-141.897 -172.752 1796.82
106.193 -235.909 1648.75
-187.398 -526.23 1968.67
56.9777 -628.315 1650.32
146.502 772.176 1656.67
113.741 572.297 1661.46
-27.6421 595.982 1676.49
255.124 548.612 1646.44
-186.342 351.215 1637.68
386.388 280.116 1653.09
-138.96 85.4178 1530.86
401.159 10.1125 1584.46
81.8307 378.708 1666.36
-42.5503 200.611 1681.09
142.392 169.629 1661.44
-150.889 -176.247 1789.38
106.43 -235.84 1655.39
-179.858 -537.637 1946.34
49.1789 -627.201 1650.99
136.84 773.87 1651.31
109.897 573.035 1656.77
-31.6482 592.649 1675.88
251.442 553.42 1637.65
-197.663 354.595 1663.74
378.21 279.065 1642.98
-182.051 79.5482 1566.18
367.316 10.1548 1581.76
83.6877 378.507 1662.31
-35.064 196.803 1680.34
150.021 171.155 1655.35
-145.228 -180.469 1786.95
114.133 -234.065 1667.43
-167.815 -551.073 1920.64
51.5342 -624.539 1656.27
127.905 774.154 1648.61
105.474 572.656 1653.18
-35.6534 588.978 1677.68
246.601 556.334 1628.69
-204.847 357.804 1690.78
366.283 286.655 1631.02
-220.685 77.5991 1603.53
339.832 16.8254 1585.48
83.7133 377.474 1657.87
-30.3419 192.966 1678.57
154.247 171.618 1646.53
-142.712 -185.965 1777.2
118.066 -232.637 1676.15
-157.562 -563.285 1891.96
50.629 -622.138 1658.96
123.298 776.053 1646.83
104.435 574.1 1649.69
-36.3778 587.671 1677.78
245.247 560.53 1621.6
-206.442 360.915 1718.85
356.132 291.349 1623.3
-252.896 81.1841 1643.34
314.618 22.0017 1589.7
86.18 378.471 1652.69
-24.119 191.711 1674.05
159.969 173.971 1637.32
-131.653 -190.482 1765.42
119.577 -228.667 1681.25
-140.962 -574.043 1857.28
54.4197 -618.579 1662.51
116.423 777.335 1647.89
100.328 575.096 1647.74
-40.211 586.237 1678.45
240.866 563.955 1617.03
-202.244 361.977 1742.91
342.684 294.935 1615.65
-274.378 84.3825 1682.14
293.274 25.5584 1593.95
84.8103 379.181 1647.8
-22.575 190.55 1667.94
161.161 175.984 1627.78
-119.933 -196.482 1749.1
128.768 -223.207 1697.15
-136.115 -583.086 1828.05
50.0838 -608.789 1661.04
109.161 779.043 1650.88
92.5954 576.819 1648.32
-46.1093 587.576 1686.15
231.3 566.062 1610.5
-197.681 362.04 1766.96
327.848 297.717 1608.64
-285.761 86.3435 1718.39
275.28 28.0891 1599.99
76.7511 380.907 1645.94
-29.8711 192.035 1668.31
151.685 177.955 1618.8
-114.348 -199.088 1743.81
114.556 -222.348 1682.26
-131.941 -588.733 1806.49
39.4964 -609.813 1661.88
102.126 778.715 1652.36
84.9294 576.538 1648.37
-51.979 587.183 1692.26
221.838 565.892 1604.49
-194.872 363.048 1784.99
315.437 299.746 1607.47
-284.746 86.2197 1752.08
261.687 29.9005 1604.5
68.4638 380.672 1644.52
-37.5381 191.769 1669.36
141.535 177.845 1611.96
-103.061 -205.167 1728.46
112.919 -223.703 1673.49
-115.902 -596.746 1781
39.6241 -612.115 1663.37
98.5573 783.742 1655.03
81.3193 581.574 1649.98
-54.4856 591.824 1697.51
217.124 571.325 1602.44
-192.803 373.034 1796.82
304.127 299.762 1605.01
-278.08 93.8189 1786.57
254.432 28.9563 1605.78
64.8248 385.717 1645.08
-40.4277 196.559 1671.26
137.088 183.161 1609.13
-87.427 -204.572 1717.37
116.881 -219.678 1666.04
-99.172 -597.719 1757.82
42.8615 -607.921 1672.49
97.8709 786.992 1661.83
79.9437 585.01 1653.48
-55.3725 594.84 1702.71
215.26 575.181 1604.25
-190.01 379.975 1806.4
298.56 305.368 1604.22
-263.861 97.4628 1811
250.631 34.1198 1602.86
62.7789 389.334 1645.37
-42.8261 200.081 1669.43
134.054 187.233 1605.08
-80.8421 -203.717 1698.41
118.689 -216.819 1655.03
-84.2039 -597.656 1733.45
42.1675 -604.156 1675.16
99.9846 788.594 1665.35
79.9928 586.948 1654.23
-55.7597 597.677 1702.18
215.745 576.218 1606.27
-187.35 385.269 1812.33
295.77 308.193 1602.09
-247.376 99.9508 1828.88
249.29 36.6392 1598.93
60.7907 391.59 1643.58
-47.1606 203.246 1664.27
130.338 189.218 1601.58
-82.5168 -201.818 1681.18
117.633 -215.449 1648.02
-77.8416 -595.987 1714.56
40.9689 -602.591 1674.59
104.593 791.684 1666.81
82.2504 590.31 1655.1
-53.7288 602.709 1702.05
218.23 577.91 1608.16
-183.128 392.811 1813.47
295.041 309.662 1598.42
-235.526 106.329 1839.19
248.646 38.0639 1594.35
60.6198 395.225 1643.98
-49.9239 208.248 1663.55
127.902 192.033 1602.15
-89.6458 -196.856 1677.32
116.036 -213.062 1645.55
-70.1181 -590.877 1703.99
41.7613 -600.363 1677.7
98.5654 796.676 1669.7
76.9908 595.226 1657.56
-59.4036 607.08 1703.48
213.385 583.371 1611.63
-180.09 405.37 1810.75
293.625 310.489 1596.11
-230.43 119.716 1848.64
248.873 38.6724 1589.13
56.1384 400.063 1646
-53.8991 212.652 1664.48
124.471 197.15 1604.42
-102.274 -191.731 1671.93
111.876 -208.553 1641.38
-74.8368 -585.549 1696.84
43.3181 -596.569 1677.8
98.729 798.698 1673.88
75.7791 597.503 1660.16
-60.3489 609.712 1706.82
211.907 585.294 1613.51
-197.792 404.284 1811.62
292.331 317.592 1597.66
-225.337 140.187 1851.23
248.201 45.8787 1585.58
53.6956 402.599 1646.73
-57.4021 215.678 1663.81
120.626 199.712 1602.8
-107.158 -188.689 1663
109.5 -206.688 1630.98
-81.451 -582.497 1691.77
45.3223 -595.307 1669.49
105.947 799.699 1676.37
79.7732 599.046 1660.93
-57.2993 613.735 1703.73
216.846 584.357 1618.12
-198.897 409.756 1805.79
290.149 316.192 1598.43
-219.047 145.717 1849.98
247.01 44.4471 1583.44
54.3368 404.669 1646.18
-60.7804 219.902 1659.43
118.581 200.68 1603.42
-113.629 -184.069 1652.02
107.179 -206.027 1627.5
-88.8542 -577.34 1688.25
49.423 -595.452 1667.98
