61.1451 149.278 1712.66
-10.2362 -159.077 1697.06
-85.698 -145.511 1708.48
65.2256 -172.642 1685.63
-20.3309 -243.893 1509.12
105.338 -394.615 1632.57
-131.966 -396.387 1643.21
-5.58837 -578.384 1545.27
-14.4647 -279.736 1812.41
-77.981 -389.737 1936.74
40.5945 -411.053 1918.79
162.27 -635.08 2024.42
186.704 -729.616 1971.43
90.8102 -944.473 1900.75
226.793 -1057.09 2056.76
-296.369 148.714 959.827
-351.042 149.53 933.21
-488.687 152.465 974.817
-213.397 146.595 891.603
-488.37 -75.2438 912.312
-323.282 -7.34468 750.231
-464.858 -302.104 851.158
-167.675 -7.05189 927.839
-350.679 32.3131 942.679
-428.964 -83.2268 975.922
-271.667 -86.5806 928.374
-338.145 -430.107 1018.93
-402.924 -422.5 909.577
-370.844 -737.407 1177.3
-351.753 -759.37 976.541
-297.034 151.531 958.624
-354.951 104.767 929.001
-466.184 99.2421 929.377
-243.717 110.292 928.625
-458.3 -63.0561 880.832
-261.868 -111.993 939.843
-526.312 297.28 959.078
-172.129 -310.145 889.364
-349.69 -0.109982 944.315
-408.002 -108.145 959.844
-280.855 -101.829 959.414
-405.997 -373.268 968.318
-362.648 -337.953 887.094
-420.154 -876.059 1148.86
-303.201 -560.038 1054.25
-291.89 149.762 962.754
-357.122 120.199 933.265
-470.112 116.53 928.56
-244.132 123.868 937.97
-419.907 -50.917 1004.16
-246.594 -30.7313 935.091
-503.829 221.437 937.944
-213.806 -151.227 927.977
-353.801 6.29703 942.332
-419.096 -109.833 948.541
-281.862 -105.377 954.255
-411.518 -380.203 956.64
-335.583 -333.021 910.34
-427.28 -844.714 1136.48
-300.927 -572.174 1053.28
-286.578 147.413 963.973
-361.034 126.996 933.876
-476.037 124.361 915.303
-246.032 129.63 952.449
-420.062 -53.7071 994.825
-242.429 -20.0131 953.404
-410.266 117.589 934.252
-215.237 -150.672 938.644
-359.326 9.84965 939.917
-437.74 -109.132 933.018
-277.497 -105.461 958.898
-419.724 -380.242 957.761
-326.229 -335.617 902.905
-418.58 -815.423 1133.84
-302.218 -571.811 1032.13
-282.221 145.696 963.425
-363.445 129.123 933.966
-480.355 125.079 910.767
-246.534 133.168 957.165
-422.718 -55.6898 989.108
-242.172 -17.7146 955.074
-508.377 43.7656 921.594
-219.139 -151.197 928.91
-360.835 10.9874 941.411
-439.849 -109.972 932.659
-276.603 -104.325 965.053
-423.684 -383.284 954.432
-319.921 -336.641 908.675
-415.085 -790.796 1121.2
-303.102 -568.619 1028.27
-308.208 191.943 952.546
-361.704 126.491 934.504
-476.989 109.882 956.003
-246.418 143.1 913.005
-428.193 -64.9366 1029.02
-236.577 -10.4358 904.076
-434.825 -267.249 858.958
-222.693 -151.48 895.737
-338.185 8.19534 969.232
-360.392 -116.688 1012.49
-268.941 -103.513 995.432
-430.58 -387.305 922.358
-376.931 -5.89943 1497.91
-417.389 -771.218 1085.53
-294.839 -558.377 1059.88
195.419 809.555 1566.59
220.916 608.095 1563.65
77.5181 589.791 1574.29
364.313 626.398 1553.01
-47.5306 295.288 1559.34
543.77 382.814 1522.26
-191.523 113.777 1378.02
676.378 196.129 1336.25
245.333 415.16 1560.84
172.654 209.833 1565.23
366.848 234.62 1550.82
170.462 -190.909 1461.37
355.685 -139.414 1727.22
121.103 -522.887 1489.54
444.069 -537.692 1575.32
230.55 812.15 1565.12
231.953 610.5 1562.76
88.5471 609.358 1575.03
375.36 611.642 1550.49
-33.7685 277.147 1554.73
544.696 396.598 1517.96
-150.824 63.8063 1384.59
683.943 232.51 1318.56
233.297 417.384 1560.5
127.189 223.412 1567.42
342.094 225.123 1549.04
132.267 -181.953 1484.74
347.654 -159.418 1693.74
113.464 -543.081 1469.56
443.706 -545.698 1582.29
244.296 814.12 1564.62
236.167 612.135 1561.82
92.5606 617.734 1574.74
379.774 606.535 1548.9
-14.55 323.792 1566.89
556.181 394.493 1500.69
-95.9107 81.5115 1429.55
702.984 264.928 1285.11
228.383 418.697 1559.14
120.042 229.181 1565.5
321.155 221.339 1547.41
164.794 -205.456 1444.46
368.195 -165.362 1676.72
91.1192 -540.615 1541.46
465.513 -544.844 1578.36
241.932 814.15 1564.42
233.42 611.735 1560.17
89.3318 617.564 1571.1
377.509 605.906 1549.23
-0.259309 367.813 1575.4
568.985 404.787 1485.59
-49.25 104.175 1471.11
719.227 324.195 1253.35
225.269 417.887 1556.09
121.532 227.905 1559.28
312.703 220.172 1544.77
165.211 -188.996 1431.63
388.59 -171.2 1641.86
106.945 -552.479 1491.68
475.207 -554.188 1579.06
237.965 816.028 1563.39
232.856 613.291 1558.96
88.4359 616.724 1568.41
377.276 609.858 1549.51
7.19065 360.952 1576.06
575.284 417.202 1479
-18.6257 85.9985 1489.94
726.898 370.354 1237.38
227.963 419.134 1554.72
131.713 227.148 1556.45
314.429 222.805 1544.5
165.38 -179.757 1423.17
393.884 -170.697 1639.43
115.16 -557.18 1468.54
481.709 -553.22 1585.74
220.911 816.38 1561.62
223.059 613.584 1557.22
78.4748 611.902 1564.12
367.644 615.265 1550.33
12.3597 355.867 1576.67
580.706 427.038 1475.16
0.836767 76.2233 1495.79
729.685 410.511 1226.91
225.117 419.37 1553.02
134.111 224.075 1553.25
320.24 226.239 1544.37
156.948 -185.277 1462.61
383.028 -164.765 1660.69
116.149 -536.883 1464.72
477.322 -541.556 1589
213.469 814.987 1559.69
220.114 612.204 1555.38
75.5017 607.332 1561.65
364.726 617.076 1549.1
14.4552 346.4 1574.36
579.811 438.607 1481.29
6.7702 64.2813 1496.62
726.186 448.147 1230.04
226.477 418.003 1551.25
139.061 220.643 1551.19
326.62 226.962 1543.05
199.002 -190.954 1381.56
377.975 -168.023 1654.26
111.266 -522.277 1483.86
474.676 -545.378 1589.95
187.696 811.577 1556.24
204.53 609.54 1552.6
60.5052 597.409 1559.83
348.556 621.671 1545.36
14.7737 340.647 1571.67
582.905 446.911 1481.4
11.6916 57.305 1495.4
724.486 476.137 1227.84
220.652 416.053 1549.11
143.529 214.712 1550.3
330.019 230.42 1540.93
177.186 -183.443 1399.53
362.688 -160.758 1670.32
111.452 -544.864 1463.76
467.837 -533.928 1596.85
180.813 810.38 1556.43
200.702 608.48 1552.21
56.7837 594.145 1559.77
344.621 622.816 1544.65
10.9576 326.048 1567.92
576.615 455.156 1490.21
5.82116 43.1185 1488.83
717.615 488.763 1235.55
219.75 415.125 1548.17
145.212 212.448 1549.04
332.382 231.092 1539.21
162.884 -191.629 1442.33
316.449 -267.761 1714.01
112.713 -527.666 1464.56
506.539 -507.88 1546.14
171.475 808.677 1555.51
192.76 606.825 1551.26
48.9034 591.486 1559.34
336.616 622.165 1543.19
5.47953 290.025 1555.45
573.333 458.64 1492.81
-15.6209 8.23972 1460.53
709.792 490.047 1234.79
213.144 413.516 1547.19
139.72 210.204 1548.39
327.337 230.21 1537.86
160.993 -192.082 1442.57
311.915 -217.511 1685.51
99.5818 -513.93 1488.26
469.766 -523.59 1581.01
166.883 807.467 1555.36
188.399 605.598 1550.67
44.545 590.069 1559.1
332.254 621.126 1542.24
-3.76103 268.013 1545.73
567.583 461.089 1498.71
-34.7718 -11.553 1437.87
699.384 481.086 1237.1
209.005 412.272 1546.18
135.672 208.805 1547.2
323.551 229.086 1536.19
191.437 -169.363 1396.14
316.81 -181.493 1700.25
83.9894 -500.74 1517.77
455.118 -546.98 1585.02
167.635 806.243 1554.39
189.507 604.375 1550.24
45.5891 588.636 1557.31
333.425 620.113 1543.17
-12.383 255.008 1537.87
562.378 461.227 1503.32
-52.0704 -21.7861 1420.48
687.521 465.729 1237.96
210.453 411.049 1546.27
137.347 207.439 1546.91
325.451 228.009 1537.68
195.725 -224.113 1401.82
342.48 -177.788 1668.56
35.6954 -479.536 1602.69
460.852 -567.505 1581.33
166.75 805.786 1555.05
189.178 603.97 1550.68
45.3057 587.823 1558.01
333.05 620.118 1543.35
-17.6921 249.504 1532.43
559.454 455.85 1501.91
-64.2067 -25.8052 1409.53
675.252 441.737 1233.05
210.657 410.696 1546.5
138.085 206.866 1547.11
326.185 227.977 1537.53
176.815 -320.266 1418.22
374.85 -175.004 1639.88
3.74661 -462.157 1692.18
459.216 -574.248 1575.77
175.947 805.762 1553.56
195.949 603.689 1549.72
51.8519 589.304 1556.1
340.046 618.073 1543.35
-25.348 249.253 1528.21
550.656 447.836 1505.24
-75.5682 -21.8214 1396.62
648.694 386.478 1240.11
215.105 410.168 1546.05
140.037 207.241 1546.54
328.484 226.052 1538.21
157.26 -400.676 1439.5
406.431 -174.745 1609.6
-0.039447 -449.417 1759.43
457.037 -577.032 1578.14
198.851 805.842 1554.9
212.286 603.354 1549.8
67.7951 593.672 1553.55
356.777 613.035 1546.05
-29.6624 248.619 1524.53
553.839 419.43 1491.08
-85.6707 -21.5132 1390.53
633.022 327.286 1227.68
225.152 409.435 1544.91
143.477 209.181 1542.48
332.56 221.85 1537.57
151.214 -459.756 1451.45
427.501 -178.086 1580.97
2.4372 -441.456 1790.95
451.456 -574.255 1582.6
211.885 804.91 1554.46
221.626 602.184 1549.35
76.9332 595.158 1552.26
366.318 609.209 1546.43
-32.3328 251.308 1523.75
551.918 389.217 1483.53
-88.154 -19.5373 1387.81
618.065 246.845 1241.74
230.954 408.037 1544.45
145.683 209.297 1541.46
334.881 218.483 1537.65
149.277 -500.606 1450.04
413.432 -180.594 1608.3
-3.36283 -441.595 1794.03
437.055 -560.386 1594.76
213.133 806.05 1554.65
221.708 603.234 1549.25
76.9748 597.005 1553.4
366.44 609.464 1545.1
-31.1685 250.154 1522.88
543.457 363.108 1483.27
-86.1203 -22.0524 1387.26
601.582 177.626 1271.23
229.92 409.002 1544.08
143.508 210.697 1541.62
332.756 218.843 1536.19
146.364 -518.133 1447.4
417.467 -182.464 1586.75
-7.40949 -439.453 1794.19
428.195 -556.652 1596.9
214.531 806.456 1553.91
222.025 603.567 1548.83
77.2523 598.106 1553.41
366.797 609.029 1544.26
-28.5838 250.077 1523.94
531.729 342.554 1487.64
-83.2123 -22.7862 1388.39
588.718 126.458 1300.7
229.202 409.265 1543.98
141.719 211.391 1542.11
331.037 218.533 1536.12
147.89 -531.67 1446.01
409.209 -181.73 1604.76
-6.89044 -439.732 1793.01
424.431 -552.816 1602.11
203.89 807.168 1553.43
217.972 604.716 1548.66
73.4941 594.576 1552.48
362.449 614.855 1544.84
-26.7922 251.039 1527.98
512.641 349.885 1507.88
-79.1845 -23.6187 1395.8
569.113 110.209 1354.96
231.458 410.832 1544.08
150.421 210.314 1542.01
339.467 223.581 1537.01
148.98 -538.153 1442.74
425.984 -176.353 1600.24
4.15324 -441.291 1794.66
434.001 -547.205 1603.97
193.025 806.042 1554.34
212.023 603.987 1549.72
67.8591 590.327 1554.34
356.187 617.648 1545.09
-24.8942 251.521 1530.97
503.323 331.942 1516.93
-77.2308 -23.9528 1401.88
561.556 76.0976 1379.4
230.217 410.484 1545.29
154.135 208.047 1543.89
342.687 225.914 1537.83
157.086 -534.906 1452.91
432.394 -175.716 1582.91
-1.60918 -441.875 1800.73
427.555 -547.791 1604.86
182.449 805.206 1556.01
205.681 603.583 1551.19
61.8417 586.886 1556.32
349.52 620.28 1546.06
-31.9458 249.762 1534.48
503.163 314.47 1522.46
-88.5693 -25.3132 1406.31
573.743 53.4139 1389.78
227.93 410.493 1546.57
156.124 206.485 1545.31
344.235 228.321 1538.6
155.791 -539.321 1451.57
425.747 -175.066 1586.19
-5.15461 -441.865 1797.87
422.192 -542.657 1608.3
178.311 804.88 1558.85
203.554 603.481 1553.13
59.8588 585.326 1558.25
347.249 621.637 1548.02
-45.9719 250.882 1536.24
509.582 307.734 1525.72
-115.244 -18.1793 1404.58
592.15 47.5669 1388.92
227.729 410.606 1547.66
157.954 205.861 1545.53
345.852 229.601 1538.84
160.746 -539.961 1458.97
436.227 -172.967 1576.57
-4.23415 -439.774 1802.95
419.93 -542.254 1609.02
171.38 805.139 1560.47
199.214 604.061 1554.93
55.7877 584.045 1560.85
342.639 624.077 1549.01
-65.485 254.941 1534.61
523.792 312.868 1523.86
-168.111 1.8846 1397.23
621.895 63.696 1376.54
225.869 411.493 1549.63
158.736 205.837 1548.2
346.311 232.014 1540.45
161.676 -545.112 1452.64
419.759 -169.089 1607.07
-9.23493 -440.596 1792.53
417.098 -539.357 1611.49
160.851 802.735 1564.38
194.618 602.651 1558.29
51.8636 578.403 1563.43
337.373 626.898 1553.16
-87.7496 308.387 1546.04
534.215 369.544 1533.44
-227.431 82.7129 1414.07
664.182 153.965 1377.22
226.956 411.034 1552.47
165.91 203.555 1550
352.679 235.279 1543.29
157.281 -547.795 1444.41
429.743 -167.258 1600.71
-0.840402 -443.069 1790.25
426.69 -546.12 1610.79
139.085 800.886 1567.44
177.079 601.559 1561.03
34.9455 574.25 1567.76
319.213 628.869 1554.3
-116.583 341.923 1547.8
545.718 413.954 1537.45
-294.627 159.644 1410.3
702.648 227.188 1375.96
213.465 410.669 1554.89
156.903 201.919 1553.14
342.8 237.637 1544.34
155.796 -537.995 1447.83
425.163 -165.551 1590.77
-15.5488 -442.535 1789.85
411.814 -546.829 1609.01
140.93 804.021 1570.14
177.6 604.391 1563.98
35.5852 577.966 1574.94
319.614 630.816 1553.01
-172.288 368.96 1537.42
548.647 464.057 1540.87
-383.792 264.45 1387.8
740.758 327.399 1377.32
212.717 413.21 1558.07
154.95 204.745 1559.34
340.719 239.311 1545
151.831 -533.146 1451.05
422.057 -163.701 1596.94
-8.20863 -437.621 1798.58
417.252 -544.923 1611.16
142.455 806.405 1573.06
177.599 606.494 1566.43
35.553 581.086 1579.61
319.644 631.901 1553.25
-213.148 399.482 1530.72
561.38 495.393 1536.58
-443.96 363.508 1374.54
775.887 402.417 1371.11
211.255 415.043 1560.09
152.041 206.98 1562.36
337.781 240.204 1545.13
143.861 -538.226 1447.12
426.731 -162.902 1576.89
-6.5533 -437.992 1797.69
418.738 -547.403 1609.36
143.989 809.806 1574.13
177.384 609.565 1568.2
34.969 585.463 1580.05
319.798 633.667 1556.35
-220.698 439.935 1539.64
572.435 525.179 1530.98
-456.722 461.115 1386.98
801.709 483.496 1366.2
209.365 417.798 1562.51
148.23 210.273 1564.58
334.463 241.791 1549.08
134.865 -538.08 1450.89
424.651 -160.82 1587.16
-5.60231 -435.813 1805.04
416.496 -543.566 1615.56
151.198 812.195 1575.46
182.06 611.559 1569.27
39.1351 589.309 1577.83
324.986 633.809 1560.71
-224.08 468.719 1542.23
578.418 542.84 1527.87
-464.148 521.346 1395.34
815.274 534.601 1364.56
211.617 419.414 1563.33
147.691 212.717 1563
334.656 241.823 1551.8
148.102 -545.234 1453.71
429.159 -158.916 1598.98
-3.92638 -436.107 1800.84
418.098 -544.546 1615.03
162.092 813.84 1576.47
190.224 612.808 1570.26
46.8661 592.567 1576.09
333.582 633.049 1564.43
-224.376 486.938 1544.39
585.722 549.66 1522.77
-466.412 556.365 1400.94
823.959 570.503 1359.47
217.165 420.284 1564.31
150.355 214.523 1562.17
337.856 240.996 1554.55
146.339 -551.493 1447.46
415.775 -160.605 1617.78
-0.556249 -437.478 1795.41
421.174 -546.61 1614.93
163.195 816.108 1580.1
191.193 615.065 1573.17
47.7194 594.963 1576.69
334.666 635.167 1569.66
-217.296 491.801 1546
593.382 550.119 1513.66
-460.123 564.864 1401.23
829.203 585.191 1345.89
218.006 422.53 1566.54
151.007 216.852 1562.2
338.63 243.139 1557.6
140.648 -549.502 1445.88
415.321 -160.59 1609.29
-1.95092 -436.814 1796.17
422.754 -547.25 1611.17
170.933 813.279 1582.95
194.483 611.765 1574.62
50.5816 594.881 1576.23
338.384 628.649 1573
-213.478 487.009 1546.12
592.125 542.586 1513.35
-454.883 558.16 1395.97
821.514 582.059 1336.01
217.036 418.779 1566.64
145.472 214.751 1559.71
333.706 236.836 1557.6
132.806 -551.479 1442.5
416.136 -167.398 1593.93
-7.82836 -441.674 1794.59
419.047 -557.499 1606.06
168.778 810.307 1583.77
191.698 608.694 1575.33
47.8409 592.129 1580.36
335.556 625.26 1570.3
-227.24 473.505 1536.07
593.68 529.74 1510
-464.879 549.422 1376.52
817.527 564.195 1323.79
213.649 415.614 1567.24
141.522 211.701 1562.45
329.676 233.367 1555.87
180.377 -536.015 1467.56
423.303 -167.995 1597.72
-7.12405 -442.846 1797.79
418.465 -554.062 1604.83
169.063 808.519 1583.22
190.942 606.742 1575.72
47.0931 590.868 1583.17
334.791 622.616 1568.28
-216.612 433.247 1533.04
582.512 501.171 1515.69
-452.561 470.982 1358.94
796.424 495.752 1319
211.895 413.504 1568.55
138.79 209.887 1566.24
326.906 230.646 1556.51
181.557 -535.154 1458.61
409.482 -166.032 1634.99
-11.3135 -443.211 1788.32
418.474 -553.519 1608.92
165.747 806.541 1583.49
188.291 604.811 1576.48
44.4672 588.477 1583.98
332.116 621.144 1568.97
-184.359 412.491 1544.68
570.613 475.828 1520.9
-407.868 384.042 1366.71
774.224 426.858 1321.76
209.881 411.618 1569.76
137.437 207.746 1567.96
325.506 229.104 1558.14
171.105 -538.801 1450.21
415.088 -169.876 1617.82
-11.1383 -443.842 1785.97
426.701 -559.439 1604.26
162.64 803.099 1585.89
189.527 601.991 1577.71
46.1129 582.513 1585.2
332.941 621.469 1570.23
-146.923 381.482 1555.24
552.648 446.329 1531.15
-324.782 255.879 1396.48
731.865 330.034 1346.59
215.276 409.394 1569.88
147.227 204.057 1566.94
334.823 229.536 1557.14
172.902 -542.054 1446.85
435.432 -169.036 1603.04
1.41056 -445.038 1788.1
440.354 -559.519 1598.82
159.003 805.263 1588.93
190.858 604.966 1579.67
47.9221 581.959 1585.62
333.793 627.973 1573.72
-120.455 338.238 1558.15
548.329 402.667 1530.09
-281.135 168.976 1401.62
713.096 242.732 1354.42
221.364 413.145 1570.8
158.381 206.276 1565.83
345.361 236.373 1558.05
180.591 -535.195 1446.6
443.873 -163.954 1597.29
1.44258 -438.958 1784.46
441.078 -551.635 1600.31
156.426 802.897 1589.86
190.444 602.948 1580.02
47.7589 578.361 1586.35
333.13 627.535 1573.69
-87.7278 302.12 1565.07
518.388 401.62 1552.88
-224.668 93.2618 1417.66
649.9 192.855 1413.65
223.023 411.462 1570.6
162.311 203.9 1565.33
348.892 236.051 1557.05
180.707 -541.887 1429.45
424.564 -167.04 1610.27
-10.4414 -445.969 1760.77
430.307 -555.555 1600.18
159.077 806.439 1591.53
190.372 606.05 1581.41
47.3484 583.402 1587.59
333.395 628.698 1575.23
-58.8642 276.56 1571.03
496.215 395.996 1566.09
-167.707 37.0887 1439.74
602.575 156.538 1454.65
220.342 414.141 1571.72
156.788 207.422 1566.07
343.835 237.041 1557.99
167.302 -535.173 1419.66
410.976 -167.374 1616.09
-20.181 -441.268 1753.88
420.803 -553.631 1603.03
166.571 805.735 1590.91
192.517 604.597 1581.52
49.0472 585.739 1589.05
335.986 623.456 1573.99
-35.9294 261.777 1574.54
480.207 388.905 1572.78
-135.295 6.7155 1455.49
574.448 133.334 1478.27
217.365 411.971 1572.53
148.366 207.01 1568.47
336.059 231.681 1558.62
154.098 -535.355 1424.46
412.729 -171.624 1614.3
-21.7536 -443.809 1765.47
419.157 -560.67 1602.18
172.247 806.233 1590.68
194.764 604.628 1582.11
51.007 588.229 1590.19
338.521 621.028 1574.03
-36.4643 256.887 1576.78
475.527 376.458 1572.14
-143.752 -0.328657 1459.5
580.156 121.623 1478.04
216.328 411.556 1573.9
143.892 207.759 1570.98
331.892 229.206 1560.41
140.971 -532.181 1440.72
424.024 -172.7 1591.61
-11.1693 -439.953 1792.03
423.825 -559.624 1604.04
175.09 806.419 1592.93
195.866 604.609 1584.05
52.0022 589.407 1592.93
339.73 619.811 1575.16
-50.2331 258.944 1573.89
483.763 356.728 1565.08
-177.206 10.4991 1456.07
608.705 114.092 1457.24
215.762 411.339 1575.53
141.594 208.13 1572.84
329.724 228.009 1561.21
135.581 -540.26 1447.33
424.705 -173.143 1599.93
-6.62386 -438.979 1800.62
423.305 -553.773 1605.42
180.885 806.789 1595.27
199.849 604.795 1586.14
55.7834 590.914 1594
343.915 618.677 1578.27
-71.5566 308.585 1578.76
504.931 380.902 1555.8
-218.273 77.5513 1462.33
659.63 176.533 1422.89
218.011 411.35 1577.39
141.967 208.828 1573.79
330.379 226.983 1563.5
134.189 -549.905 1449.42
432.954 -173.308 1592.18
-1.77908 -438.475 1802.32
424.883 -552.816 1610.1
176.83 806.868 1594.76
198.438 605.092 1586.9
54.5474 589.384 1594.57
342.329 620.8 1579.23
-95.6155 347.403 1579.01
529.441 405.229 1542.82
-269.349 142.544 1460.91
707.625 236.044 1392.77
219.132 411.855 1579.37
145.73 208.346 1576.85
333.922 228.891 1566.82
133.399 -553.948 1451.22
426.141 -173.458 1602.25
2.68546 -439.07 1805.26
426.658 -545.985 1612.73
152.345 804.959 1595.31
180.248 604.007 1588.33
37.0257 583.824 1596.86
323.47 624.19 1579.8
-127.538 377.123 1574.24
548.135 434.31 1532.9
-339.036 235.578 1447.51
748.08 306.601 1371.3
206.97 411.56 1581.65
139.993 205.909 1580.55
327.391 232.317 1569.39
119.596 -554.519 1457.34
418.83 -170.754 1600.89
-5.27712 -440.231 1813.79
418.029 -545.521 1612.28
156.583 806.485 1594.9
183.786 605.349 1588.93
40.4929 585.695 1598.16
327.079 625.003 1579.7
-189.767 413.06 1559.62
553.67 484.425 1531.59
-426.507 355.738 1430.95
774.113 411.07 1366.88
209.837 412.724 1583.21
142.208 207.251 1583.53
329.569 232.949 1571.45
121.156 -550.596 1458.2
430.561 -168.22 1597.1
3.40116 -436.063 1817.03
426.994 -547.836 1611.44
164.588 809.809 1594.51
188.926 608.289 1588.76
45.296 590.709 1596.93
332.557 625.868 1580.59
-230.385 449.03 1551.3
571.36 516.902 1519.15
-481.269 454.785 1423.87
804.151 496.403 1357.05
212.235 415.296 1583.25
141.619 210.808 1583.09
329.468 233.8 1572.4
121.237 -551.745 1451.66
429.752 -167.131 1604.96
0.547842 -434.141 1808.59
424.76 -548.389 1609.64
156.752 813.385 1593.25
181.91 611.914 1588.65
38.4433 593.775 1598.49
325.376 630.052 1578.81
-225.502 489.427 1561.29
584.355 547.324 1511.32
-481.489 523.741 1437.47
827.746 569.852 1363.63
206.002 418.968 1584.25
136.282 214.162 1586.28
323.908 237.884 1573.41
132.333 -550.914 1458.31
427.899 -162.448 1602.35
-3.77757 -434.496 1809.71
420.382 -547.533 1608.36
158.394 812.851 1592.53
182.818 611.277 1587.84
39.3364 593.643 1598.53
326.299 628.911 1577.15
-230.301 510.261 1563.96
581.852 565.952 1510.65
-485.569 570.161 1441.89
831.541 605.933 1370.19
206.207 418.234 1583.34
135.776 213.66 1585.83
323.419 236.722 1571.85
137.451 -551.45 1455.35
418.966 -164.846 1609.71
0.273258 -438.931 1807.82
426.469 -552.97 1605.62
165.154 815.504 1590.07
187.408 613.661 1586.58
43.751 597.634 1597.44
331.065 629.688 1575.72
-229.907 521.162 1565.85
584.968 575.17 1506.78
-484.926 591.971 1443.6
838.792 627.989 1373.86
208.721 420.361 1583.24
136.089 216.58 1587
323.978 237.541 1572.79
131.634 -553.312 1453.06
425.479 -163.317 1601.23
0.707947 -435.794 1806.3
431.534 -553.585 1606.03
155.651 817.772 1594.38
180.025 616.216 1589.25
36.7595 598.558 1602.3
323.291 633.873 1576.19
-224.205 515.367 1566.98
589.791 569.988 1503.74
-479.252 582.443 1439.71
841.37 629.126 1366.35
203.367 423.189 1584.33
133.01 218.614 1587.96
320.409 241.711 1570.88
130.714 -556.904 1450.27
431.241 -157.204 1584.25
-3.38572 -436.823 1801.53
426.922 -550.532 1603.13
154.351 815.257 1597.43
178.041 613.659 1590.71
34.7901 596.363 1604.55
321.292 630.954 1576.86
-240.607 501.686 1551.99
584.231 559.14 1507.37
-496.998 571.432 1422.88
829.663 611.737 1356.22
200.729 420.592 1584.27
129.747 216.216 1586.88
317.085 238.834 1568.77
131.066 -562.306 1442.18
411.493 -162.171 1604.86
-3.41579 -441.822 1793.22
425.445 -555.73 1603.42
159.844 813.155 1597.02
182.12 611.388 1590.33
38.7063 595.108 1603.78
325.534 627.668 1576.88
-245.804 464.843 1535.99
574.263 529.842 1513
-510.615 513.978 1402.15
808.081 539.358 1342.46
203.454 418.16 1583.92
131.006 214.286 1586.31
318.569 235.577 1568.72
154.737 -551.035 1450.59
423.034 -164.164 1592.43
1.20186 -441.138 1796.58
432.358 -559.688 1604.22
191.342 816.032 1595.84
204.205 613.655 1589.27
60.0304 604.313 1594.84
348.381 622.997 1583.7
-206.509 436.288 1547.39
566.069 498.961 1516.99
-459.267 419.668 1406.56
787.671 464.779 1335.98
216.528 419.836 1583.15
134.322 219.893 1580.69
323.378 232.143 1573.39
178.557 -534.334 1450.08
438.144 -165.384 1590.56
1.28643 -434.497 1786.95
435.247 -560.649 1609.3
198.235 814.443 1595.39
208.116 611.809 1588.75
63.6028 604.618 1593.15
352.629 618.999 1584.35
-159.834 426.646 1564.29
562.788 458.306 1513.68
-374.768 318.463 1432.01
770.184 371.904 1336.52
217.578 417.75 1582.39
132.65 218.994 1578.9
321.431 228.388 1573.16
165.36 -537.467 1447.92
418.277 -171.672 1612.23
-6.93138 -441.98 1789.26
426.021 -557.851 1605.83
170.256 808.005 1595.72
198.643 608.025 1586.91
55.8927 587.606 1590.43
341.394 628.444 1583.38
-122.407 379.83 1567.72
552.902 401.148 1517.8
-292.981 203.598 1444.32
729.08 244.551 1362.57
225.83 416.508 1578.46
159.766 211.652 1572.33
346.267 238.33 1567.72
184.345 -547.735 1435.21
445.962 -162.605 1604.55
15.3973 -447.812 1777.33
449.275 -548.144 1600.29
151.942 803.913 1594.27
189.611 605.215 1585.41
47.8195 578.112 1590.39
331.403 632.318 1580.42
-91.6872 330.438 1569.3
520.735 404.551 1543.87
-229.602 110.64 1453.22
657.976 194.582 1422.78
225.686 414.926 1576.92
169.32 206.967 1571.68
354.203 242.307 1565.18
168.78 -549.565 1432.51
436.61 -162.949 1586.46
-2.26923 -446.406 1772.82
434.602 -554.082 1602.77
148.717 799.156 1590.03
184.409 599.686 1583.17
42.1753 574.003 1589.91
326.644 625.369 1576.43
-52.759 312.616 1577.53
492.807 401.084 1563.23
-148.804 63.2599 1481.26
600.613 157.863 1471.07
218.592 408.658 1576.59
159.982 200.875 1574.42
345.566 234.386 1565.62
149.809 -548.596 1426.11
419.14 -172.335 1593.73
-22.0387 -448.402 1767.01
415.446 -560.015 1607.16
160.6 801.045 1590.3
189.822 600.459 1583.14
46.7741 579.374 1590.03
332.869 621.545 1576.24
-31.385 287.302 1578.26
477.792 388.873 1570.14
-121.183 25.6494 1488.59
574.417 129.641 1494.42
217.806 408.362 1576.28
152.321 202.487 1573.92
339.261 230.042 1564.91
146.668 -536.697 1427.13
423.846 -175.061 1583.6
-19.9367 -440.036 1771.63
416.646 -553.896 1607.64
170.165 803.143 1588.8
193.826 601.724 1582.81
50.1634 584.661 1589.07
337.488 618.786 1576.55
-26.6992 270.649 1576.62
472.625 376.031 1570.01
-127.204 6.56749 1484.67
576.911 115.192 1496.21
216.486 408.828 1577.07
145.25 204.781 1575.43
333.042 227.085 1567.24
136.583 -536.132 1441.75
420.665 -177.25 1591.94
-14.2384 -437.542 1792.56
413.797 -547.722 1614.01
174.084 803.753 1590.78
195.042 601.94 1584.75
51.0814 586.811 1590.74
339.003 617.07 1578.76
-53.3507 273.323 1568.31
489.311 361.517 1558
-183.594 23.6641 1470
628.012 126.859 1460.53
215.114 408.668 1578.97
141.098 205.508 1577.11
329.271 225.284 1569.28
134.529 -546.192 1445.61
430.894 -175.017 1601.82
-8.21355 -438.69 1797.23
416.231 -545.181 1613.88
184.018 803.549 1590.65
200.572 601.29 1585.39
56.2821 589.336 1590.95
344.861 613.243 1579.84
-74.5379 314.667 1571.28
507.478 382.443 1550.07
-216.71 76.9706 1467.64
670.903 175.139 1432.79
216.425 407.59 1580.36
137.935 206.074 1578.97
326.623 221.706 1571.7
126.22 -550.022 1449.31
417.991 -179.685 1617.37
-3.66247 -438.641 1804.63
418.823 -549.771 1614.35
175.487 806.731 1590.19
195.135 604.681 1587.14
51.0252 590.579 1592.98
339.245 618.784 1581.3
-114.116 363.777 1566.12
542.151 420.425 1532.38
-307.22 198.75 1446.31
737.875 273.155 1391.62
213.952 411.182 1584.22
138.548 208.463 1585.11
326.99 226.904 1577.47
127.76 -548.697 1455.92
427.698 -173.586 1608.14
1.8527 -436.216 1812.55
427.119 -546.397 1615.74
166.074 809.743 1590.27
188.846 607.987 1588.58
45.0091 591.694 1595.54
332.684 624.281 1581.62
-168.052 393.886 1549.54
559.988 462.797 1523.61
-395.244 287.089 1420.68
777.023 358.058 1372.77
210.655 414.77 1586.96
138.408 210.898 1589.89
326.52 232.207 1580.79
171.187 -524.331 1470.15
429.316 -165.288 1632.86
-0.0115649 -436.367 1810.47
427.889 -546.495 1610.31
160.031 809.737 1593.46
184.294 608.139 1590.6
40.823 590.724 1601.06
327.765 625.555 1580.14
-212.04 426.951 1536.25
569.286 499.493 1520.97
-459.93 375.649 1407.33
800.898 441.947 1365.15
207.53 415.073 1587.86
136.93 210.616 1591.97
324.603 233.398 1578.28
165.658 -529.348 1455.15
424.117 -164.507 1636.38
-6.92299 -441.186 1796.93
428.761 -557.707 1602.5
160.664 808.54 1590.67
184.144 606.822 1588.23
40.7474 589.979 1600.73
327.541 623.665 1575.73
-221.386 475.636 1544.54
579.084 539.604 1519.1
-473.749 476.521 1413.38
820.628 531.76 1367.73
206.631 413.642 1585.89
135.357 209.448 1591.73
322.879 231.474 1575.39
156.941 -536.649 1443.33
424.097 -167.728 1620.52
-7.79986 -442.115 1788.21
434.645 -568.376 1598.62
154.509 808.62 1593.06
177.863 606.889 1589.77
34.5464 590.076 1603.43
321.179 623.703 1576.11
-226.727 511.641 1548.25
586.33 568.316 1517.06
-481.117 543.084 1417.52
836.951 585.878 1375.63
200.228 413.696 1586.61
128.885 209.508 1592.39
316.301 231.496 1574.53
144.781 -539.775 1444.69
416.763 -167.665 1623.51
-12.0678 -440.413 1792.37
432.583 -566.205 1597.9
177.9 814.635 1590.92
194.448 612.328 1588.74
50.4115 600.452 1597.52
338.483 624.204 1579.95
-232.698 532.314 1548.8
581.201 587.176 1521.21
-483.125 589.798 1414.78
833.207 618.262 1379.13
210.294 418.582 1586.64
131.849 217.063 1590.29
320.433 232.612 1578.8
146.599 -533.999 1448.07
428.786 -165.813 1612.76
0.176647 -432.179 1799.76
445.709 -568 1601.65
188.888 817.931 1590.87
202.402 615.356 1589.04
57.9933 605.682 1593.46
346.811 625.03 1584.61
-218.623 541.364 1554.9
593.788 595.806 1513.21
-469.937 602.266 1419.27
847.76 644.948 1377.83
215.345 421.354 1587.28
133.857 221.026 1588.41
322.717 233.678 1582.62
144.917 -539.915 1450.87
430.651 -165.816 1597.53
0.0238357 -435.408 1802.67
442.696 -564.487 1601.62
193.228 819.778 1592.79
205.512 617.091 1590.41
60.9378 608.317 1591.4
350.087 625.865 1589.42
-211.853 543.778 1555.22
601.187 593.612 1508.2
-464.909 599.788 1418.41
852.261 655.799 1371.01
217.277 422.982 1588.14
134.526 223.138 1586.51
323.558 234.61 1585.22
159.677 -543.575 1453.58
430.785 -165.554 1594.45
-2.7618 -438.069 1796.92
435.996 -558.85 1604.03
194.514 817.71 1598.04
206.561 615.071 1592.52
61.9133 606.48 1592.2
351.209 623.662 1592.84
-204.202 524.478 1553.32
604.115 573.733 1503.43
-456.739 568.485 1410.69
843.045 633.651 1345.64
218.099 421.008 1587.24
135.083 221.328 1581.75
324.191 232.56 1582.16
150.498 -550.04 1445.23
435.84 -166.479 1579.38
-5.13838 -441.902 1791.16
428.679 -556.439 1605.18
194.228 815.604 1598.7
207.028 613.003 1592.7
62.3917 603.915 1591
351.664 622.091 1594.4
-217.599 501.737 1540.16
601.941 549.949 1500.9
-471.427 531.366 1388.9
831.152 599.858 1326.08
219.287 418.976 1586.95
136.979 219.007 1580.09
326.112 230.891 1582.32
150.487 -550.681 1441.97
415.073 -169.656 1619.61
-4.9407 -442.874 1788.31
421.906 -547.86 1612.77
172.375 809.429 1596.28
191.883 607.445 1590.98
47.7572 593.468 1593.13
336.01 621.421 1588.83
-230.099 408.358 1513.6
586.953 505.436 1505.89
-466.15 433.504 1361.35
805.061 495.99 1319.75
210.566 414.008 1585.9
134.924 211.424 1582.24
323.574 229.718 1579.42
143.902 -553.738 1442.89
414.423 -172.308 1610.42
-7.976 -448.361 1791.62
418.953 -553.767 1607.41
163.301 807.913 1596.35
185.861 606.217 1590.65
41.9476 590.015 1594.39
329.774 622.42 1586.92
-167.051 382.182 1544.78
562.832 475.603 1520.82
-382.786 355.618 1397.49
765.876 401.549 1338.3
207.466 413.058 1585.2
134.993 209.306 1582.19
323.15 230.49 1577.3
140.757 -548.344 1440.76
419.163 -170.998 1608.86
-5.48189 -442.522 1791.77
423.395 -553.518 1606.63
159.049 806.018 1597.96
189.019 605.448 1590.56
45.8177 583.983 1592.39
332.22 626.914 1588.72
-136.175 378.968 1558.17
543.015 450.107 1532.55
-311.091 265.757 1426.17
727.564 320.374 1362.82
217.72 413.367 1583.47
152.737 207.243 1577.59
340.105 235.329 1575.19
160.584 -549.827 1445.21
437.731 -166.457 1602.23
12.5407 -441.757 1794.83
443.296 -549.815 1605.77
146.59 800.021 1596.85
183.069 600.591 1588.39
40.6982 574.398 1591.94
325.44 626.783 1584.85
-109.092 328.992 1559.05
521.795 431.445 1553.57
-251.356 155.414 1440.79
666.427 240.366 1414.18
218.004 409.6 1580.3
159.83 201.481 1574.53
346.049 235.74 1569.89
162.603 -558.006 1448.75
427.38 -169.888 1589.14
0.426271 -446.621 1790.62
431.657 -552.405 1602.59
136.367 797.93 1594.36
177.308 599.277 1586.91
35.5567 569.883 1591.73
319.059 628.672 1582.1
-81.5396 288.996 1563.5
501.703 415.044 1567.87
-203.101 78.0067 1455.07
619.666 186.705 1454.31
216.516 409.032 1579.79
163.054 199.569 1575.81
348.395 238.003 1569.51
152.337 -546.732 1451.9
424.263 -169.095 1585.13
-2.59292 -441.836 1799.18
428.194 -548.153 1608.6
128.322 796.497 1592.47
171.186 598.15 1585.96
29.7201 567.381 1591.98
312.652 628.92 1579.93
-57.2653 265.997 1570.74
482.176 407.647 1578.66
-164.802 27.7101 1473.56
580.574 155.797 1488.2
212.236 408.198 1579.72
160.808 198.13 1577.43
345.764 238.359 1569.54
151.843 -543.882 1454.5
418.457 -169.229 1590.25
-6.63051 -441.398 1801.07
421.757 -546.359 1609.05
147.049 800.547 1593.38
179.523 600.48 1586.55
36.7837 577.125 1592
322.263 623.835 1581.1
-49.1341 255.496 1573.33
473.618 325.796 1575.96
-158.888 4.18299 1480.27
594.167 102.541 1473.09
210.623 408.88 1580
148.276 201.989 1577.02
335.17 232.569 1569.88
169.647 -532.391 1464.63
417.353 -173.4 1574.67
-17.7078 -436.119 1796.83
413.076 -551.151 1609.36
157.313 802.656 1592.79
184.33 601.674 1586.64
40.994 582.206 1593.17
327.667 621.142 1580.1
-55.5683 256.243 1573.18
483.807 307.401 1565.5
-182.28 6.80553 1474.88
618.319 84.4258 1460.59
210.204 409.197 1580.74
142.381 203.994 1579.12
329.773 229.446 1570.57
162.312 -537.521 1460.21
421.806 -174.434 1580.22
-12.6013 -438.007 1798.74
417.058 -545.782 1610.73
160.676 804.771 1594.1
193.38 604.577 1588.74
50.557 581.223 1589.59
336.203 627.931 1587.9
-80.7997 281.132 1567.19
508.393 321.68 1550.86
-226.498 43.1116 1467.18
666.046 114.815 1426.73
224.699 412.855 1583.62
162.569 205.852 1579.05
349.468 236.413 1577.94
174.546 -540.8 1450.62
431.297 -167.597 1612.63
13.4271 -438.137 1795.23
440.334 -534.372 1620.37
153.846 802.134 1597.93
189.661 602.446 1591.11
47.1073 576.882 1590.99
332.215 628.01 1591.23
-86.3936 319.065 1571.61
518.238 371.327 1550.82
-242.721 99.049 1467.23
691.359 189.617 1407.36
223.961 411.209 1584.58
165.106 203.267 1577.97
351.416 236.678 1578.13
144.721 -546.577 1453.67
422.725 -170.461 1597.22
-0.901477 -441.578 1804.47
425.352 -547.899 1612.59
144.94 804.501 1598.32
182.872 605.119 1592.54
40.5447 578.013 1593.53
325.199 632.225 1591.55
-123.427 371.832 1567.63
535.153 423.56 1546.15
-319.645 225.211 1445.79
730.97 299.53 1381.65
219.199 414.175 1587.01
162.49 205.512 1582.13
348.562 240.95 1580.84
130.939 -543.95 1461.2
411.588 -166.785 1614.35
-2.74796 -435.736 1815.93
420.748 -544.326 1615.89
141.406 805.491 1596.72
180.077 606.175 1592.84
37.8117 578.545 1594.24
322.342 633.804 1591.44
-176.211 400.415 1550.31
547.085 465.823 1541.34
-401.79 324.734 1417.34
756.91 382.128 1366.1
217.112 415.294 1589.12
161.138 206.35 1586.32
347.154 242.477 1584.49
128.824 -552.74 1462.63
416.101 -165.276 1607.28
0.0837459 -437.154 1817.08
423.884 -549.273 1615.76
140.292 806.577 1597.78
177.386 606.944 1593.82
35.0589 580.388 1599.36
319.712 633.5 1588.27
-201.903 443.376 1549.83
560.546 504.494 1532.7
-438.082 436.222 1410.68
780.808 485.127 1356.58
212.909 415.76 1590.02
155.332 207.205 1589.86
341.534 241.947 1582.6
115.241 -557.033 1458.95
411.039 -164.704 1619.72
-3.5833 -437.142 1815.48
419.517 -549.43 1609.66
141.151 809.705 1598.27
174.92 609.495 1594.35
32.3601 585.276 1603.23
317.479 633.715 1585.47
-218.201 474.695 1547.07
569.748 532.02 1526.38
-459.671 506.962 1407.22
798.861 548.422 1355.82
207.26 417.758 1590.59
146.363 210.182 1592.64
332.836 241.861 1581.03
144.859 -551.897 1454.62
409.201 -164.201 1612.73
-11.3966 -436.528 1795.73
419.911 -553.029 1605.68
140.36 812.185 1600.22
171.701 611.594 1595.48
29.0115 589.034 1606.69
314.391 634.153 1584.27
-226.501 495.697 1546.84
573.266 551.76 1522.98
-469.301 552.542 1406.99
808.74 589.745 1359.37
201.716 419.491 1590.93
138.432 212.638 1593.72
325.029 242.139 1579.06
144.329 -548.512 1441.88
411.387 -161.378 1617.09
-13.6416 -437.795 1785.02
422.993 -556.195 1603.13
137.174 813.074 1603
168.732 612.528 1597.18
26.1117 589.736 1609.25
311.352 635.321 1585.12
-230.747 506.76 1544.13
572.667 563.613 1520.78
-473.582 577.19 1403.96
810.259 609.713 1358.08
198.954 420.469 1591.61
135.933 213.509 1593.93
322.419 243.312 1578.16
150.616 -545.149 1431.3
416.495 -158.901 1612.48
-11.3309 -440.746 1775.16
429.779 -557.567 1601.63
143.205 814.04 1601.11
172.773 613.163 1596.49
29.7817 591.877 1606.81
315.764 634.448 1586.16
-235.708 506.918 1541.6
570.169 565.727 1521.59
-477.045 584.67 1399.02
809.43 614.695 1359.86
201.09 420.786 1592.06
135.899 214.49 1594.38
322.915 242.329 1580.88
160.023 -543.746 1438.15
415.425 -160.575 1612.76
-10.4304 -440.323 1778.42
435.677 -561.857 1602.99
146.159 813.209 1602.41
174.681 612.2 1596.74
31.5419 591.609 1606.66
317.82 632.79 1586.82
-225.341 490.437 1541.85
572.57 551.906 1519.7
-467.399 554.409 1392.58
801.786 595.568 1342.58
201.996 419.698 1591.31
135.716 213.732 1592.36
322.906 240.659 1579.39
149.006 -543.651 1435.36
414.403 -162.679 1609.54
-10.3844 -441.909 1781.48
435.599 -563.607 1597.65
147.749 813.21 1602.53
175.988 612.156 1596.74
32.8 591.763 1606.52
319.177 632.549 1586.97
-231.673 466.216 1530.92
570.37 530.36 1521.28
-476.057 518.496 1377.18
792.337 559.094 1332.36
203.033 419.61 1591.2
136.446 213.729 1592.06
323.708 240.399 1579.27
162.312 -548.115 1455.2
417.153 -162.089 1614.44
-6.36136 -440.078 1794.95
437.095 -562.729 1598.96
153.713 812.578 1599.94
180.576 611.315 1594.95
37.2111 591.95 1604.24
323.94 630.68 1585.66
-231.338 438.109 1524.46
564.046 508.762 1525.18
-478.356 464.886 1363.24
779.272 507.227 1328.13
206.301 418.57 1590.17
138.274 213.162 1591.47
325.78 238.489 1579.32
148.562 -547.207 1443.61
420.9 -164.409 1596.55
-6.21272 -441.606 1790.53
437.219 -564.144 1598.08
151.999 809.722 1602.49
180.339 608.737 1595.39
37.0541 588.253 1603.33
323.623 629.221 1587.45
-164.658 412.049 1555.74
554.676 475.558 1530.47
-385.617 367.193 1397.64
752.309 406.557 1337.69
207.479 416.258 1588.59
140.915 210.382 1586.98
328.324 237.175 1576.6
144.342 -544.129 1441.97
422.186 -165.068 1608.56
-5.38135 -442.798 1792.58
435.122 -559.431 1597.8
137.754 809.216 1604.72
176.734 610.392 1595.72
34.8136 582.391 1599.63
318.654 638.393 1591.8
-132.465 393.542 1568.1
538.707 451.006 1540.51
-314.766 272.33 1425.99
719.069 327.833 1359.68
214.064 419.982 1587.09
158.425 211.23 1581.03
344.363 247.916 1575.9
147.311 -539.349 1440.48
434.666 -155.461 1606.65
11.9866 -439.168 1797.07
446.822 -547.814 1601.55
122.017 804.172 1605.39
169.301 607.277 1594.65
28.7017 573.284 1598.83
309.901 641.27 1590.47
-117.23 352.279 1564.05
533.357 415.498 1542.22
-279.065 186.882 1431.99
697.395 244.572 1375.29
214.585 418.715 1584.37
167.924 207.923 1576.82
351.812 252.382 1571.35
129.985 -540.19 1443.67
423.692 -153.749 1608.99
6.0579 -442.853 1805.2
435.973 -551.769 1599.92
121.411 802.571 1601.85
170.699 605.949 1592.17
30.302 570.569 1595.94
311.096 641.329 1588.4
-96.1154 303.142 1561.53
503.446 423.98 1564.25
-241.248 100.589 1441.98
636.603 208.548 1434.57
217.902 417.649 1582.9
173.37 206.232 1576.1
356.838 252.466 1571.17
135.212 -544.536 1451.27
422.123 -155.749 1597.72
1.8047 -440.446 1807.52
429.205 -553.556 1606.57
129.953 802.964 1597.73
171.495 604.554 1589.9
29.8842 574.724 1594.48
313.106 634.385 1585.32
-72.5555 276.565 1563.8
478.446 337.727 1564.24
-201.755 45.4761 1455.82
620.683 131.768 1449.28
211.279 414.541 1582.4
158.428 205.014 1577.9
343.698 244.042 1571.9
137.181 -535.356 1454.95
405.038 -164.147 1608.28
-19.6858 -440.574 1803.41
407.871 -556.265 1610.1
145.542 804.595 1596.88
178.604 604.647 1589.2
35.9142 580.855 1594.37
321.293 628.44 1584.03
-61.7824 264.277 1563.41
484.717 316.366 1560.13
-194.211 23.0699 1458.54
627.464 98.9699 1449.48
210.266 413.161 1581.85
148.592 206.112 1577.88
335.267 237.239 1571.12
131.389 -527.417 1451.99
408.548 -169.666 1596.97
-16.2748 -438.099 1806.28
412.64 -555.203 1608.36
155.132 805.935 1595.98
182.283 605.006 1589.03
38.9213 585.44 1594.63
325.645 624.572 1583.43
-65.3941 264.134 1561.22
492.354 315.686 1556.57
-211.294 26.1413 1451.85
644.928 98.156 1435.38
208.285 412.581 1582.37
140.566 207.365 1579.37
328.008 232.946 1572.05
160.486 -520.924 1455.54
416.526 -170.898 1597.58
-19.251 -439.349 1795.14
413.793 -551.488 1609
161.46 807.478 1595.06
186.303 606.111 1589.15
42.6349 588.228 1594.53
329.971 623.993 1583.77
-77.8414 305.413 1566.06
516.674 337.844 1546.28
-227.968 77.0471 1450.34
686.923 149.887 1396.95
210.095 413.265 1583.49
139.985 208.731 1581.34
327.789 232.107 1574.31
160.143 -524.91 1440.58
403.435 -169.337 1634.11
-15.6454 -440.93 1782.78
422.767 -549.94 1609.78
166.9 809.957 1598.74
192.723 608.672 1592.03
49.0367 590.154 1594.55
336.409 627.189 1589.51
-95.8226 338.114 1567.28
524.11 381.173 1548.41
-262.11 130.63 1441.47
703.967 216.246 1386.37
217.453 415.905 1585.6
148.232 211.03 1580.82
336.134 235.246 1577.53
161.285 -528.027 1440.06
413.619 -167.773 1630
-5.74845 -439.345 1785.89
438.806 -557.915 1606.48
144.913 805.552 1599.09
176.032 605.048 1592.48
32.9266 582.72 1596.02
319.138 627.376 1588.94
-116.614 365.221 1566.31
536.839 412.177 1543.86
-314.324 210.753 1426.3
729.533 281.175 1369.42
205.835 413.03 1586.15
142.043 206.408 1582.13
329.231 235.614 1577.5
139.207 -539.728 1439.91
402.686 -167.367 1638.54
-18.7065 -446.45 1789.01
429.332 -561.655 1598.59
161.421 810.841 1598.26
186.385 609.476 1593.56
42.6632 591.594 1596.29
330.107 627.357 1590.83
-167.815 384.112 1549.65
542.064 458.025 1543.79
-390.618 315.864 1402.21
748.86 375.697 1360.85
210.293 416.632 1589.07
140.198 212.093 1586.36
328.204 235.484 1582.78
138.946 -533.305 1442.28
411.616 -167.373 1629.99
-11.6206 -435.733 1793.6
437.606 -566.64 1602.12
163.605 814.152 1598.55
185.998 612.412 1594.28
41.9955 596.399 1595.63
330 628.425 1592.92
-203.911 415.556 1536.82
564.194 485.419 1527.96
-442.598 409.45 1389.34
778.61 459.086 1341.1
207.444 419.211 1590.19
134.745 215.54 1586.99
323.033 236.478 1585.22
143.417 -530.278 1448.16
409.655 -166.848 1623.89
-12.844 -437.26 1798.34
434.664 -567.261 1599.85
159.689 814.882 1598.86
181.438 613.023 1594.65
37.4126 597.428 1598.39
325.463 628.619 1590.91
-209.204 452.195 1542.41
574.727 516.546 1518.43
-451.822 483.856 1396.26
797.372 535.229 1339.54
202.266 419.708 1590.62
128.921 216.195 1589.04
317.267 236.589 1584.15
135.386 -534.647 1444.58
404.067 -165.199 1636.12
-13.9819 -440.195 1797.42
432.12 -566.02 1597.15
156.09 816.043 1597.47
178.597 614.235 1593.78
34.7228 598.072 1600.15
322.472 630.397 1587.41
-217.859 476.251 1542.2
577.584 536.716 1516.55
-461.1 533.238 1397.84
805.695 579.2 1344
200.152 420.967 1590.24
127.622 217.131 1590.87
315.79 238.269 1582.54
134.184 -537.836 1452.82
405.613 -161.584 1644.12
-7.37869 -438.489 1807.51
436.967 -565.385 1595.99
153.988 816.975 1596.87
176.87 615.19 1593.59
33.0675 598.759 1601.25
320.672 631.621 1585.92
-223.75 492.046 1539.81
577.467 546.492 1515.77
-467.172 564.291 1397.68
808.244 606.989 1349.01
198.783 421.944 1590.45
126.671 217.954 1592.32
314.722 239.441 1582.29
124.141 -539.136 1450.73
407.841 -161.072 1634.25
-5.99942 -438.392 1809.29
438.652 -567.859 1596.07
163.016 819.665 1598.46
184.129 617.699 1594.56
40.081 602.591 1597.09
328.178 632.807 1592.02
-224.811 496.434 1539.91
577.599 551.138 1514.22
-466.617 574.566 1394.98
811.258 611.779 1348.79
204.35 424.281 1590.83
130.317 220.977 1588.75
318.822 240.747 1585.43
121.754 -537.278 1444.89
414.28 -160.134 1630.53
0.132841 -436.085 1806.36
443.946 -568.21 1598.8
167.981 821.36 1599.17
188.326 619.317 1594.92
44.1737 604.816 1594.25
332.477 633.818 1595.58
-216.465 494.236 1543.78
580.825 544.298 1512.61
-458.93 566.541 1395.41
808.433 612.356 1340.75
207.81 425.824 1590.85
133.038 222.849 1586.34
321.548 241.813 1587.21
128.295 -541.925 1452.44
412.872 -160.801 1625.01
-0.104464 -437.195 1810.58
440.697 -567.183 1597.14
163.938 820.704 1599.58
186.63 618.941 1594.48
42.6257 602.783 1592.98
330.635 635.099 1595.98
-224.73 475.117 1534.9
578.604 522.292 1513.94
-468.369 541.226 1379.43
798.357 577.814 1328.23
208.362 425.717 1589.59
135.944 221.928 1583.73
324.242 243.056 1585.69
155.792 -543.677 1449.52
409.617 -160.419 1628.19
-4.97167 -441.453 1793.39
437.636 -563.883 1594.16
163.935 816.626 1597.12
185.698 614.741 1592.52
41.6399 599.172 1594.27
329.756 630.31 1590.77
-229.359 447.555 1523.96
568.541 502.842 1519.93
-475.521 501.614 1364.8
786.17 525.397 1327.04
206.54 421.4 1588.12
133.169 217.877 1584.86
321.594 238.241 1582.57
144.193 -545.762 1446.11
406.285 -166.259 1615.22
-13.7001 -444.816 1792.63
431.304 -569.38 1593.71
150.225 813.608 1595.33
174.702 612.04 1591.04
30.8808 594.507 1594.23
318.522 629.572 1587.85
-197.681 429.743 1539.03
560.453 481.377 1524.78
-435.984 424.483 1373.87
773.075 469.632 1326.66
198.143 419.002 1586.93
127.541 214.5 1584.91
315.627 237.428 1580.74
131.083 -540.386 1448.7
401.509 -165.877 1623.3
-15.6127 -442.765 1801.29
426.521 -564.091 1595.08
164.082 809.769 1596.26
181.595 607.629 1590.44
37.3434 595.013 1594.55
325.847 620.245 1586.34
-165.461 394.726 1548.62
540.331 462.64 1540.01
-374.128 303.42 1390.09
732.444 375.539 1353.29
198.367 414.044 1584.87
120.767 212.204 1581.99
309.512 228.712 1576.61
129.405 -542.218 1449.51
405.319 -173.071 1610.54
-15.7563 -441.489 1802.21
426.616 -572.357 1592.84
173.095 808.563 1596.95
189.889 606.336 1589.92
45.5043 594.282 1591.74
334.273 618.39 1588.1
-133.454 376.836 1559.77
533.674 419.328 1540
-309.103 218.951 1417.57
713.643 291.507 1359.98
205.972 412.667 1583.18
127.66 211.118 1577.64
316.452 226.879 1575.26
167.163 -552.801 1461.81
419.274 -172.804 1613.96
-3.13818 -440.684 1798.19
440.353 -566.65 1597.12
170.98 808.611 1594.8
189.815 606.546 1587.52
45.5733 592.977 1590.95
334.058 620.115 1584.09
-104.228 336.92 1563.38
526.336 373.663 1543.49
-253.706 132.557 1434.88
685.564 193.383 1383.32
207.854 413.032 1580.55
131.579 210.646 1575.83
320.206 228.391 1571.34
163.393 -560.481 1458.13
416.685 -172.689 1612.58
-7.06014 -441.773 1792.96
434.908 -562.397 1595.83
168.388 807.367 1593.55
189.995 605.582 1586.07
45.9543 590.013 1589.97
334.036 621.151 1582.16
-80.1138 302.961 1566.18
501.82 374.703 1559.6
-212.13 69.4615 1449.19
634.038 156.147 1430.67
210.688 412.337 1578.9
137.193 208.911 1574.28
325.568 229.272 1569.17
154.224 -559.371 1443.77
419.385 -172.92 1606.1
-5.87402 -443.384 1784.85
433.937 -560.075 1598.71
165.03 806.519 1592.38
186.748 604.729 1584.77
42.8104 588.998 1591.11
330.685 620.459 1578.43
-56.058 279.481 1569.59
484.729 374.988 1570.54
-172.482 27.0525 1463.04
594.19 131.684 1463.63
207.547 411.478 1577.49
134.218 207.941 1574.35
322.473 228.515 1566.06
165.61 -558.486 1451.11
413.265 -174.9 1596.68
-14.7175 -443.294 1781.78
422.192 -557.236 1599.84
167.486 807.621 1590.43
186.841 605.559 1583.87
42.6528 591.604 1588.31
331.03 619.515 1579.44
-39.5364 266.244 1571.28
472.628 372.847 1576.21
-147.716 2.27798 1474.52
571.569 117.609 1479.82
205.377 412.05 1577.59
129.619 209.413 1574.21
318.207 227.666 1568.41
182.019 -541.103 1447.97
415.379 -173.647 1605.71
-18.4733 -442.19 1771.71
417.382 -553.089 1608.33
178.782 809.281 1591.03
193.412 606.869 1584.35
48.9517 596.284 1588.7
337.872 617.454 1580
-33.7686 259.122 1572.14
467.552 368.55 1575.5
-143.58 -8.30729 1476.82
571.719 113.147 1479.1
207.423 413.022 1577.96
126.953 212.253 1574.41
315.915 226.099 1568.72
178.335 -535.412 1447.77
420.298 -174.155 1594.76
-18.5984 -440.489 1775.64
417.541 -552.689 1608.8
183.924 810.178 1594.7
195.063 607.593 1586.66
50.4729 599.43 1592.02
339.654 615.756 1581.3
-51.8899 263.563 1567.07
479.772 353.272 1564.27
-182.378 7.06346 1466.91
611.583 123.1 1443.5
205.732 413.581 1578.97
121.85 214.231 1574.77
310.951 224.908 1567.77
166.73 -535.52 1436.13
388.003 -169.18 1649.84
-22.5788 -441.688 1769.09
414.463 -549.251 1607.3
179.774 809.069 1596.24
195.377 606.803 1587.98
50.9706 595.493 1592.14
339.783 618.112 1583.83
-73.4434 279.782 1563.55
504.387 350.635 1548.65
-224.109 40.0683 1456.65
660.644 155.277 1398.91
210.32 413.096 1580.08
130.82 211.993 1574.9
319.705 226.786 1569.46
175.146 -537.907 1434.1
393.535 -168.289 1660.93
-8.25282 -445.568 1770.97
440.463 -561.154 1601.32
177.206 808.221 1597.58
194.92 606.089 1589.55
50.578 593.343 1591.96
339.262 618.834 1587.14
-86.1382 320.522 1570.91
515.797 379.898 1547.68
-247.695 100.324 1453.11
685.994 211.141 1382.72
211.885 412.51 1581.86
134.467 210.598 1575.74
323.232 227.266 1572.59
158.21 -538.228 1433.99
398.466 -172.299 1645.22
-10.4758 -444.06 1777.75
444.391 -571.535 1594.93
141.183 803.586 1598.77
170.715 603.155 1591.08
27.8826 581.828 1598.43
313.547 624.482 1583.73
-118.184 356.778 1570.95
535.681 415.868 1539.3
-319.167 213.789 1433.86
727.278 307.265 1358.26
198.997 411.206 1583.71
133.666 205.279 1581.16
320.892 233.235 1571.53
140.969 -538.079 1445.66
400.556 -167.519 1636.99
-11.348 -446.149 1797.37
440.578 -567.041 1588.33
124.114 806.195 1601.06
160.199 606.767 1593.13
18.2833 580.672 1603.59
302.115 632.861 1582.67
-163.091 370.397 1560.89
535.27 457.493 1544.84
-385.007 303.535 1413.02
740.376 382.11 1358.13
194.757 415.778 1585.54
136.554 207.733 1584.79
322.075 241.845 1571.11
138.982 -531.412 1451.46
414.429 -158.934 1613.19
-5.60101 -438.005 1806.3
445.352 -567.367 1589.98
125.397 806.903 1604.41
161.507 607.409 1594.77
19.6617 581.126 1607.37
303.353 633.693 1582.18
-203.56 396.706 1553.94
540.789 492.088 1544.04
-431.266 409.04 1408.15
757.266 468.211 1358.64
196.09 416.358 1585.55
137.998 208.135 1584.55
323.346 242.479 1568.1
176.686 -537.039 1474.79
416.673 -159.599 1599.4
-4.65374 -439.304 1808.66
444.205 -569.385 1588.77
131.004 808.041 1604.43
165.774 608.221 1595.1
23.8097 582.867 1609.03
307.738 633.575 1581.16
-217.129 428.641 1554.14
550.959 514.315 1537.1
-447.241 483.861 1410.78
774.877 526.641 1356.8
199.073 416.858 1586.16
139.581 208.923 1586.33
325.161 242.066 1568.11
170.371 -545.363 1466.35
419.031 -160.352 1598.76
-6.39255 -440.046 1801.72
441.732 -567.939 1594.92
138.034 809.718 1604.13
169.864 609.371 1595.21
27.4718 586.144 1608.79
312.257 632.597 1581.63
-221.524 450.11 1552.59
560.389 525.237 1530.89
-454.284 530.182 1415.47
787.382 566.783 1356.13
200.347 417.502 1586.67
137.731 210.448 1587.01
323.929 240.82 1569.25
165.175 -538.313 1459.09
419.472 -161.893 1590.92
-9.33334 -438.892 1798.14
435.221 -565.508 1599.08
144.745 810.902 1603.12
172.78 609.961 1595
29.981 589.481 1608.77
315.579 630.441 1581.22
-223.776 462.937 1549.56
566.956 530.725 1524.99
-458.278 555.629 1416.48
793.814 590.169 1352.19
199.629 417.524 1587.22
133.097 211.694 1588.45
319.858 238.479 1570.44
163.516 -536.057 1464.61
422.424 -162.797 1587.32
-10.8787 -438.464 1804.68
427.163 -559.97 1604.16
144.161 812.236 1601.54
171.757 611.15 1594.95
28.9367 591.077 1609.38
314.577 631.223 1580.53
-221.295 464.483 1549.04
571.108 530.73 1520.08
-456.612 560.397 1415.48
798.215 594.635 1346.77
198.185 418.573 1588.64
131.233 212.873 1591.76
317.993 239.121 1572.9
151.566 -532.563 1458.35
406.966 -162.506 1615.83
-7.99125 -438.678 1806.43
425.258 -552.171 1609.45
140.398 812.386 1604.03
168.466 611.377 1596.56
25.8261 590.878 1612.22
311.105 631.875 1580.91
-218.314 460.541 1547.96
568.994 523.657 1521.38
-454.73 550.136 1410.11
792.963 585.402 1342.18
195.346 418.874 1589.42
128.952 212.968 1592.51
315.498 239.776 1572.03
154.879 -535.558 1462.29
410.395 -162.096 1599.93
-7.33096 -439.333 1808.81
425.549 -558.252 1605.63
138.341 812.878 1607.22
166.972 611.998 1598.37
24.5115 590.962 1614.98
309.433 633.035 1581.77
-227.162 445.773 1537.98
562.621 511.452 1525.49
-462.969 539.038 1398.37
783.622 559.64 1338.63
194.391 419.62 1589.9
128.653 213.486 1592.28
314.969 240.998 1570.56
145.25 -542.608 1452.37
413.325 -159.741 1606.73
-7.32386 -439.694 1801.3
428.998 -555.233 1601.78
130.555 809.418 1610.6
162.966 609.255 1599.67
20.7693 585.427 1614.38
305.163 633.083 1584.97
-199.529 419.187 1547.22
549.169 490.753 1534.36
-433.59 446.526 1391.92
761.661 484.494 1339.34
194.006 417.564 1589.21
132.035 210.287 1588.36
318.055 241.458 1569.12
150.807 -556.375 1435.24
416.873 -159.853 1600.06
-7.62578 -444.803 1778.85
434.353 -556.77 1599.68
139.698 805.932 1608.7
170.868 605.533 1598.06
28.1095 582.843 1607.2
313.627 628.222 1588.93
-177.488 391.203 1552.63
536.072 475.216 1543.78
-404.681 369.107 1386.9
735.134 408.87 1351.23
200.719 413.615 1587.88
137.155 206.85 1583.66
323.984 236.543 1571.71
162.679 -547.785 1425.07
420.895 -165.378 1602.75
-7.41669 -446.748 1766.18
437.071 -563.022 1603.12
134.31 800.162 1607.93
174.387 601.592 1596.46
32.6815 572.692 1601.67
316.092 630.493 1591.26
-142.794 364.773 1561.25
534.546 430.105 1538.49
-326.46 244.834 1411.99
711.858 295.783 1362.58
212.768 411.426 1585.48
158.402 202.344 1577.9
343.896 240.176 1571.09
181.965 -543.229 1418.41
432.695 -163.584 1602.48
7.43575 -448.167 1759.2
448.035 -552.416 1603.16
123.002 793.51 1603.7
170.609 596.62 1592.71
30.0844 562.346 1598.01
311.133 630.894 1587.41
-116.894 326.393 1561.1
531.279 387.05 1536.25
-284.407 159.33 1421.23
691.693 203.231 1380.24
216.201 408.063 1582.18
169.913 197.096 1575.11
353.674 241.915 1568.19
175.399 -544.999 1432.9
428.011 -165.009 1592.09
-2.45456 -448.087 1771.59
434.879 -551.769 1602.88
128.328 796.385 1602.08
172.193 598.503 1591.66
30.9378 566.924 1596.74
313.447 630.082 1586.59
-85.4503 289.693 1565.05
499.394 398.829 1560.03
-228.877 81.5771 1437.77
625.306 172.937 1441.98
214.201 408.996 1581.69
163.892 198.85 1575.04
348.525 240.126 1568.4
151.91 -539.612 1448.08
423.492 -167.079 1572.19
-15.4539 -439.652 1791.11
417.344 -550.06 1608.63
133.522 799.6 1600.39
172.1 600.572 1590.72
30.1201 572.723 1597.47
314.08 628.421 1583.96
-56.7228 270.841 1571.56
480.485 397.704 1575.01
-171.097 30.2016 1460.84
583.217 148.005 1479.11
209.046 409.968 1581.45
153.152 201.153 1576.6
338.832 237.573 1567.77
149.961 -538.924 1455.66
417.082 -168.505 1588.33
-16.4033 -438.391 1799.17
409.007 -543.697 1610.57
144.335 801.963 1598.96
176.798 601.829 1590.08
34.0836 578.339 1597.75
319.513 625.319 1582.4
-34.3612 259.917 1575.3
463.94 389.396 1579.5
-134.549 1.99465 1474.95
554.615 126.304 1500.12
207.888 410.164 1581.57
145.646 203.138 1578.08
332.308 233.862 1568.04
149.65 -538.365 1447.72
400.384 -170.027 1621.08
-15.3586 -438.868 1792.25
410.846 -546.775 1611.35
157.638 805.26 1598.9
183.53 604.167 1590.6
40.1289 585.387 1598.26
326.932 622.947 1582.95
-24.684 256.456 1576.15
460.437 379.145 1580.22
-120.897 -8.64625 1479.74
549.646 112.881 1500.91
208.327 411.585 1582.66
139.34 206.72 1579.73
326.908 231.284 1569.71
139.851 -538.021 1447.32
410.516 -171.978 1600.77
-14.7381 -436.847 1796.02
417.291 -555.605 1609.69
171.09 805.207 1600.35
189.386 603.342 1591.69
45.4351 589.947 1599.79
333.337 616.736 1583.59
-31.3466 257.225 1574.07
466.715 358.074 1573.13
-136.748 -4.63403 1470.51
572.105 98.9584 1482.78
206.909 410.02 1583.41
130.275 207.937 1580.42
318.587 225.459 1569.82
141.726 -537.682 1458.78
409.194 -176.968 1602.84
-14.2816 -438 1807.39
416.033 -559.836 1608.12
192.252 807.46 1602.73
199.763 605.071 1594.14
55.3327 599.46 1600.06
344.194 610.682 1588.22
-47.1798 263.109 1569.44
482.351 338.548 1560.98
-172.73 13.8587 1455.36
614.511 101.325 1446.39
206.956 411.247 1585.91
119.608 213.75 1581.56
308.69 221.096 1573.81
130.682 -536.773 1455.61
411.914 -179.147 1596.62
-15.2879 -433.798 1807.48
415.3 -557.866 1611.99
197.845 806.642 1604.44
205.295 604.056 1595.6
60.6646 598.532 1600.32
349.925 609.58 1590.89
-62.6525 316.88 1576.58
507.167 361.922 1550.73
-201.382 83.798 1455.42
666.94 168.901 1407.83
212.429 410.044 1587.14
125.082 212.423 1581.76
314.046 219.641 1575.6
145.209 -543.447 1451.88
428.565 -177.642 1600.31
0.589339 -440.643 1804.46
429.042 -551.202 1610.89
187.014 805.599 1602.87
198.924 603.107 1596.01
54.3627 594.497 1599.19
343.486 611.717 1592.84
-84.2605 351.101 1577.46
528.995 387.337 1541.25
-246.214 146.044 1444.52
710.837 235.774 1379.14
210.331 409.184 1589.45
127.227 209.632 1584.96
316.247 220.89 1580.81
144.549 -546.622 1455.45
426.543 -177.342 1612.07
-2.15398 -442.445 1806.82
424.399 -547.629 1615.76
166.146 804.479 1600.01
184.284 602.414 1595.33
40.1724 589.344 1601.16
328.395 615.485 1589.51
-112.64 368.876 1571.95
542.425 418.872 1537.51
-306.927 223.356 1422.07
739.483 304.24 1362.28
201.655 408.901 1590.85
124.763 206.839 1590.18
313.288 223.938 1582.56
139.878 -546.353 1459.03
419.657 -175.568 1613.26
-6.63114 -442.113 1810.5
419.171 -545.897 1613.51
169.714 804.683 1598.27
188.932 602.608 1594.56
44.9276 588.768 1602.42
332.937 616.448 1586.71
-162.813 385.934 1557.96
552.203 458.842 1536.62
-378.917 333.05 1398.35
763.125 400.423 1354.08
207.338 409.086 1591.01
131.611 206.517 1592.59
319.875 224.611 1582.32
164.179 -549.772 1461.7
430.771 -173.936 1610.21
2.20858 -439.996 1804.09
429.664 -550.291 1612.21
171.053 808.361 1599.62
190.393 606.253 1595.67
46.4622 592.293 1605.17
334.324 620.212 1586.16
-196.408 408.468 1547.48
570.306 483.088 1525.61
-422.356 424.744 1386.79
788.281 479.41 1343.06
208.915 412.698 1591.87
133.338 210.018 1594.3
321.537 228.271 1581.87
164.153 -549.882 1454.66
425.728 -172.336 1605.61
-4.54986 -437.335 1793.05
426.143 -548.325 1610.78
158.268 808.218 1601.46
179.116 606.243 1597.4
35.8017 591.156 1612.06
322.43 621.331 1582.74
-200.139 432.167 1553.44
581.425 507.667 1519.27
-429.475 486.048 1395.57
802.191 548.157 1342.22
199.081 412.816 1593.51
125.282 209.517 1599.21
312.812 229.26 1580.03
155.722 -554.715 1439.43
412.315 -172.128 1609.91
-21.1888 -443.417 1774.08
417.013 -551.004 1606.78
152.91 808.839 1602.96
174.784 606.982 1597.99
31.6294 591.079 1613.84
317.939 622.885 1582.14
-211.479 451.486 1548.35
577.242 524.214 1524.42
-443.041 525.866 1393.73
802.378 578.116 1350.21
195.733 413.668 1593.23
123.1 209.957 1598.84
310.261 230.749 1578.12
167.702 -550.061 1434.87
418.564 -168.373 1607.38
-15.8027 -442.525 1767.25
425.877 -552.502 1604.92
148.704 810.879 1602.57
172.169 609.189 1597.93
29.1071 592.181 1613.75
315.231 626.197 1582.1
-214.999 459.307 1544.95
575.904 531.412 1524.61
-448.695 542.251 1392.49
802.936 589.287 1350.4
194.641 416.035 1593.49
123.577 211.761 1599.39
310.648 234.001 1578.7
167.597 -545.32 1443.24
420.912 -164.561 1609.34
-11.7735 -440.67 1778.85
429.546 -552.751 1607.01
145.509 811.7 1605.2
171.023 610.296 1599.39
28.0992 591.745 1614.82
313.947 628.847 1583.96
-214.306 457.652 1544.93
574.711 529.085 1525.69
-448.971 539.825 1390.56
800.863 585.254 1347.95
195.457 417.415 1593.82
126.433 212.403 1598.35
313.35 236.664 1578.17
149.799 -539.226 1444.44
421.613 -162.548 1608.03
-6.76883 -440.594 1792.11
432.778 -553.841 1604.69
146.418 812.267 1607.28
172.095 610.922 1600.09
29.0617 592.173 1614.3
315.129 629.67 1585.88
-224.147 445.823 1535.47
569.779 520.809 1529.7
-458.942 537.287 1382.85
793.697 568.082 1346.02
196.686 418.097 1593.2
127.745 213.013 1595.6
314.808 237.533 1577.02
132.84 -539.865 1448.97
418.738 -162.463 1611.21
-5.0065 -439.009 1803.83
431.496 -556.384 1603.45
145.452 811.292 1608.72
171.737 610.069 1600.3
28.6017 590.852 1612.72
314.872 629.286 1587.87
-209.065 423.408 1539.74
560.895 497.638 1536.31
-443.522 499.462 1374.8
779.871 505.265 1344.8
196.91 417.362 1592.24
128.478 212.088 1592.3
315.688 237.222 1576.05
128.975 -551.469 1455.62
416.572 -162.707 1618.47
-2.42891 -439.738 1809.99
431.891 -559.435 1602.83
153.128 805.974 1606.89
175.946 604.351 1598.51
32.4435 587.628 1610.13
319.448 621.074 1586.89
-182.893 403.442 1549.41
549.571 479.609 1544.1
-412.352 409.267 1377.44
762.052 440.669 1352.38
197.798 411.261 1590.48
125.798 207.234 1590.06
313.502 229.108 1574.86
117.484 -556.173 1450.7
412.088 -169.548 1630.86
-6.27278 -443.765 1807.9
428.315 -568.674 1601.7
162.487 802.11 1601.53
183.069 600.184 1594.88
39.1617 585.253 1602.87
326.976 615.115 1586.89
-157.509 383.104 1557.38
542.902 453.003 1546.05
-375.03 326.732 1384.43
747.009 372.711 1358.73
202.779 406.804 1588.51
128.356 203.656 1587.37
316.624 223.19 1576.92
129.026 -559.332 1451.11
418.605 -175.172 1629.75
-0.744328 -442.535 1804.9
434.882 -569.696 1603.02
169.216 804.773 1603.42
189.985 602.921 1595
45.9363 587.928 1599.1
334.034 617.914 1590.9
-123.908 361.004 1565.26
542.472 403.021 1543.53
-299.684 220.324 1411.72
729.347 270.386 1367.53
209.876 409.611 1586.94
135.556 206.495 1581.56
323.977 226.106 1576.2
128.05 -552.845 1443.03
420.941 -173.106 1632.29
3.54717 -436.632 1799.01
440.776 -562.478 1598.78
160.935 805.773 1601.95
187.764 604.716 1593.5
44.2435 585.405 1597.31
331.285 624.028 1589.69
-99.4532 326.504 1566.13
534.737 367.509 1549.27
-260.267 143.61 1420.93
703.58 192.373 1386.56
213.457 412.169 1585.41
145.281 206.991 1579.8
333.02 232.252 1574.82
129.108 -549.107 1446.65
422.474 -168.644 1631.33
6.38123 -438.753 1805.15
444.227 -560.543 1597.37
155.892 806.199 1600.07
185.682 605.539 1591.4
42.4437 584.085 1595.77
328.92 626.994 1587.02
-64.452 320.659 1576.18
502.883 377.876 1571.57
-179.449 94.9213 1454.46
636.501 158.8 1446.3
214.212 413.371 1583.09
149.095 207.176 1577.65
336.387 235.229 1571.93
134.887 -553.157 1454.14
418.901 -168.759 1612.44
1.13156 -438.94 1807.3
437.968 -563.868 1594.98
159.811 803.71 1597.63
187.453 602.712 1589.05
44.0212 582.746 1594.7
330.885 622.679 1583.4
-40.7266 295.828 1577.6
481.1 380.265 1582.9
-135.883 46.9823 1470.15
591.125 135.044 1483.3
213.925 410.221 1580.84
146.615 204.675 1576.32
334.18 230.785 1568.94
126.439 -559.925 1451.24
415.238 -173.537 1611.24
-5.79115 -442.058 1803.91
431.56 -568.373 1594.95
167.224 806.147 1596.8
188.072 604.406 1588.64
44.1598 589.261 1595.4
331.983 619.551 1581.87
-25.8632 275.911 1576.32
467.54 371.683 1585.82
-117.058 14.5288 1476.34
568.575 113.529 1502.05
208.037 411.203 1580.82
133.851 208.092 1577.43
322.152 227.908 1568.57
115.944 -550.193 1447.54
407.645 -176.699 1589.15
-16.4162 -436.862 1801.71
420.854 -566.84 1599.6
178.035 807.961 1596.67
190.289 605.62 1588.76
45.9304 596.621 1595.33
334.648 614.62 1582.19
-26.4354 266.953 1573.65
465.766 344.844 1581.4
-130.447 5.94927 1470.77
579.514 87.659 1496.15
202.025 411.842 1581.18
119.307 212.176 1577.9
308.214 223.952 1569.3
117.566 -538.747 1448.78
410.516 -176.922 1585.02
-17.9169 -435.561 1804.76
415.049 -560.431 1604.19
201.106 811.522 1598.88
202.067 609.013 1590.65
57.515 608.117 1595.85
346.618 609.91 1585.45
-38.7233 268.471 1570.25
474.879 325.933 1575.65
-160.389 15.677 1460.27
611.812 82.5976 1475.35
202.986 415.075 1582.77
109.285 220.55 1578.29
298.528 221.724 1571.48
123.467 -529.372 1452.99
394.754 -178.008 1614.79
-14.2349 -430.951 1809.54
415.342 -551.963 1608.92
211.199 811.133 1600.41
209.478 608.446 1591.72
64.7321 609.564 1594.32
354.224 607.329 1589.12
-51.6972 322.816 1578.98
506.44 328.974 1561.8
-189.052 87.5237 1461.3
674.415 126.667 1433.46
207.83 414.337 1583.4
111.608 220.958 1576.77
300.757 219.498 1573.38
131.044 -536.433 1447.73
411.863 -176.936 1615.03
-2.84512 -439.262 1806.12
428.816 -557.092 1608.84
211.604 811.659 1600.21
211.359 608.807 1592.71
66.5075 608.897 1595.02
356.211 608.718 1590.4
-73.521 356.881 1580.73
526.249 359.452 1558.67
-231.935 147.523 1449.92
713.271 193.229 1412.07
211.125 414.54 1585.52
116.227 220.331 1579.85
305.553 220.214 1576.83
145.445 -540.21 1458.04
416.139 -174.39 1635.21
0.161876 -439.967 1810.91
431.46 -554.714 1609.95
185.017 810.454 1599.6
196.78 608.201 1593.18
52.4167 599.69 1596.81
341.144 616.713 1589.55
-96.7898 379.975 1578.88
543.434 387.641 1554.68
-287.018 223.917 1431.75
748.199 260.927 1395.56
208.046 414.508 1587.04
124.767 215.241 1583.27
313.855 226.389 1578.52
154.089 -547.091 1454.91
423.546 -168.783 1637.63
3.83103 -445.258 1805.34
435.11 -551.042 1607.44
169.559 812.434 1598.39
188.604 610.632 1592.87
44.6656 596.89 1598.62
332.542 624.373 1587.13
-148.882 393.99 1562.37
553.61 430.602 1554.43
-363.622 338.147 1404.98
774.204 360.69 1387.54
206.843 417.37 1587.59
130.984 215.124 1586.06
319.18 233.091 1578.54
148.253 -542.05 1446.9
421.529 -162.929 1645.17
-1.81575 -441.212 1797.79
432.889 -553.401 1605.48
166.656 814.351 1600.32
186.846 612.524 1593.73
42.8835 597.918 1600
330.808 627.13 1587.45
-188.441 413.499 1549.18
561.54 463.638 1553.07
-411.662 435.106 1392.45
791.3 436.901 1384.16
206.181 419.239 1587.42
131.458 216.41 1585.21
319.577 235.496 1577.01
149.5 -542.657 1444.21
415.672 -163.157 1637.35
-7.95843 -439.758 1791.19
429.066 -560.656 1602.76
164.49 815.453 1600.97
185.225 613.604 1594.06
41.2619 598.582 1600.85
329.189 628.626 1587.26
-197.724 435.172 1551.66
574.333 491.527 1546.47
-424.476 499.244 1398.8
806.462 513.235 1380.36
205.083 420.297 1587.43
130.84 217.171 1585.26
319.042 236.809 1576.37
147.325 -541.668 1437.23
417.36 -161.953 1633.1
-10.765 -440.752 1784.58
429.231 -561.228 1602.02
164.029 815.794 1602
184.825 613.923 1594.62
40.8448 598.833 1601.65
328.805 629.012 1587.58
-205.801 457.193 1550.08
581.85 509.786 1541.87
-436.578 539.344 1400.51
815.147 559.682 1378.97
204.74 420.595 1587.55
130.523 217.401 1585.07
318.789 237.132 1575.88
156.438 -539.61 1437.4
417.503 -162.849 1621.87
-11.8919 -441.525 1780.58
430.126 -561.95 1602.34
154.669 812.229 1599.05
180.014 610.876 1592.63
36.5779 592.526 1601.91
323.45 629.227 1583.36
-209.063 468.33 1547.94
585.088 515.979 1538.5
-442.007 559.745 1400.42
817.838 583.276 1377.23
204.287 418.045 1586.49
134.735 213.211 1586.41
322.384 237.217 1574.28
159.712 -541.413 1443.05
423.387 -163.551 1602.54
-8.07497 -445.568 1787.23
433.283 -561.552 1602.83
151.951 812.188 1596.86
178.43 610.917 1591.55
35.1499 591.79 1602.03
321.71 630.044 1581.06
-213.755 465.091 1545.21
580.164 517.036 1540.07
-445.489 563.822 1396.97
813.482 584.459 1376.81
203.788 418.164 1586.45
135.467 212.906 1588.22
322.826 237.916 1574.5
153.484 -533.737 1450.84
421.865 -163.956 1595.95
-8.95538 -440.504 1798.28
428.314 -557.614 1606.48
153.196 811.998 1596.3
179.438 610.674 1590.95
36.1575 591.705 1601.99
322.719 629.644 1579.92
-209.268 455.234 1544.99
577.428 510.935 1541.15
-441.859 551.235 1394.43
808.753 575.898 1372.81
204.57 417.871 1585.83
136.016 212.664 1587.92
323.387 237.471 1573.49
149.449 -530.637 1446.83
417.527 -164.459 1609.05
-7.76948 -440.339 1797.44
425.96 -554.105 1606.12
151.492 810.203 1597.58
177.904 608.918 1591.33
34.6099 589.783 1602.05
321.197 628.054 1580.61
-207.132 426.617 1539
569.183 488.493 1544.21
-441.749 509.406 1378.98
796.448 522.521 1364.2
203.198 416.152 1585.34
134.792 210.874 1586.37
322.192 235.899 1572.34
143.081 -531.687 1442.85
415.664 -166.4 1607.96
-9.37861 -442.34 1795.81
423.502 -554.402 1606.43
155.915 810.124 1599.32
180.285 608.624 1592.03
36.6981 590.933 1601.01
323.872 626.314 1583.06
-181.467 405.52 1547.07
555.2 469.616 1552.43
-414.229 428.586 1377.75
778.495 465.7 1366.61
203.624 415.651 1585.05
133.056 211.108 1583.94
320.869 234.247 1572.2
142.48 -532.465 1444.9
416.749 -167.46 1609.21
-9.31389 -439.54 1797.26
422.524 -553.567 1607.14
153.675 806.56 1599.5
183.738 605.969 1590.7
40.607 584.288 1595.93
326.869 627.65 1585.47
-154.512 385.945 1556.18
544.704 449.621 1557.18
-379.547 353.961 1382.39
760.101 400.161 1371.41
212.529 413.867 1582.27
147.66 207.578 1577.26
334.981 235.953 1570.41
155.784 -538.635 1444.03
431.887 -165.899 1603.36
8.79878 -442.924 1797.67
436.541 -549.248 1606.37
147.677 803.572 1596.92
183.036 603.865 1588.2
40.5091 578.414 1593.15
325.562 629.316 1583.24
-120.37 358.557 1563.34
544.854 407.309 1552.6
-302.778 232.662 1408.03
741.967 296.778 1371.63
216.898 412.61 1579.84
157.559 204.712 1574.73
343.96 237.998 1568.25
156.187 -545.051 1452.2
430.845 -166.707 1586.7
3.9239 -442.578 1801.6
428.23 -546.416 1607.84
148.197 801.77 1593.69
184.589 602.157 1585.82
42.1224 576.005 1590.34
327.056 628.309 1581.3
-94.6847 319.781 1563.67
536.429 373.652 1553.8
-256.865 143.368 1419.9
717.017 212.617 1384.95
219.442 410.992 1578.29
161.161 202.731 1573.71
347.427 236.923 1567.8
169 -555.296 1463.01
434.107 -168.232 1574.09
-1.85283 -442.331 1799.53
419.556 -543.313 1612.05
162.19 803.172 1590.41
191.056 602.417 1583.35
47.7621 581.674 1587.31
334.35 623.16 1579.39
-59.902 311.594 1571.42
505.689 385.427 1570.57
-169.945 84.5774 1460.33
648.123 174.435 1442.54
218.701 410.157 1576.59
152.589 204.326 1572.42
340.102 231.47 1567.24
150.717 -552.473 1451.05
401.137 -177.42 1581.72
-15.2705 -439.573 1790.48
429.899 -558.717 1612.14
163.309 803.818 1588.71
190.38 602.715 1582.17
46.9117 583.221 1587.74
333.849 622.208 1576.61
-34.9497 288.294 1571.72
487.386 377.076 1575.62
-123.877 31.7012 1481.84
604.238 136.875 1473.98
216.306 410.122 1575.92
148.444 204.786 1573.3
336.02 230.273 1566.02
165.735 -549.575 1459.49
408.639 -176.169 1594.03
-11.055 -440.634 1794.79
433.6 -556.818 1603.14
170.242 805.117 1587.64
193.367 603.497 1581.6
49.4804 586.878 1585.46
337.255 620.117 1577.74
-20.4793 265.647 1570.84
473.541 372.806 1577.39
-104.307 -6.93214 1491.59
580.081 118.582 1489.97
215.514 410.411 1575.82
143.567 206.456 1572.56
331.755 228.192 1567.51
172.887 -543.435 1447.48
412.913 -176.616 1600.44
-18.7755 -440.372 1776.21
431.517 -559.398 1600.66
169.586 805.452 1586.33
190.453 603.535 1581.06
46.4586 588.494 1587.21
334.448 618.576 1574.92
-21.2344 259.819 1568.94
470.275 358.908 1571.71
-117.946 -13.2974 1489.06
588.55 107.79 1484.81
210.437 410.163 1576.01
136.264 206.955 1574.98
324.577 226.626 1566.95
170.948 -539.487 1444.59
416.884 -176.431 1591.73
-22.2632 -442.023 1774.42
426.234 -559.222 1597.05
176.551 806.42 1587.52
196.323 604.379 1581.82
52.2105 590.108 1587.75
340.436 618.65 1575.89
-37.1206 260.906 1565.47
481.633 345.957 1563.35
-157.702 0.240359 1476.7
622.947 110.659 1458.97
215.26 410.888 1576.36
139.973 208.066 1574.78
328.418 226.727 1567.02
179.642 -538.704 1449.25
430.226 -173.963 1595.04
-9.76712 -440.653 1781.28
433.533 -555.725 1601.36
179.238 807.273 1589.77
199.431 605.276 1583.46
55.3778 590.663 1590.29
343.485 619.89 1576.64
-58.1628 305.325 1571.88
502.767 372.55 1558.68
-201.175 69.1046 1467.59
670.071 182.938 1422.08
218.77 411.828 1577.42
143.914 208.824 1575.84
332.303 227.936 1566.91
160.915 -539.277 1448.56
439.783 -171.845 1586.54
-7.27784 -440.124 1790.81
427.718 -550.204 1607.04
177.912 807.961 1588.22
197.027 605.824 1583.05
52.9005 592.013 1590.17
341.154 619.635 1575.94
-77.5684 333.964 1574.87
521.335 393.887 1550.56
-249.954 135.139 1452.35
709.77 246.156 1393.59
215.334 412.241 1578.11
139.393 209.628 1577.82
327.887 227.69 1568.51
152.141 -542.266 1444.22
414.957 -175.409 1602.86
-16.1292 -439.636 1785.85
415.003 -546.453 1612.18
177.809 808.59 1588.95
198.252 606.573 1584.08
54.1673 591.847 1590.12
342.337 621.299 1578.03
-110.533 361.014 1572.84
542.271 424.278 1540.9
-320.787 246.71 1433.93
748.622 344.922 1367.33
217.83 413.105 1579.41
143.183 210.007 1578.71
331.632 229.268 1570.8
162.501 -540.777 1443.79
425.917 -172.222 1609.31
-7.01393 -440.841 1785.82
422.454 -544.025 1614.07
169.509 808.295 1588.27
192.549 606.565 1583.52
48.7199 589.973 1590.53
336.378 623.158 1576.51
-146.266 377.008 1565.41
559.671 448.77 1530.37
-375.303 344.276 1419.04
776.252 422.462 1350.83
214.615 413.373 1578.98
142.617 209.33 1579.02
330.743 231.032 1569.85
149.585 -542.273 1442.41
424.406 -171.213 1604.61
-10.4705 -441.787 1788.78
416.969 -543.538 1611.94
167.829 815.202 1588.72
189.608 613.318 1584.29
45.8582 597.597 1594.04
333.357 629.039 1574.54
-178.63 394.502 1557.72
568.701 470.461 1526.49
-413.079 425.458 1410.94
789.077 484.279 1345.33
210.465 419.978 1580.05
137.305 216.355 1582.18
325.338 236.92 1569.43
141.988 -539.038 1443.27
397.997 -163.876 1636.51
-14.7711 -434.03 1789.9
411.528 -539.263 1612.03
168.463 814.082 1588
188.965 612.06 1583.58
45.2646 597.221 1595.29
332.665 626.899 1571.86
-186.903 413.346 1562.44
576.753 494.049 1521.58
-422.521 481.882 1419.68
800.416 541.149 1346.43
208.599 418.588 1579.35
134.262 215.411 1582.78
322.203 234.819 1567.46
136.126 -544.922 1441.08
407.195 -165.843 1624.08
-9.28354 -441.474 1792.95
420.838 -557.174 1605.75
164.77 816.878 1587.29
185.072 614.822 1583.29
41.3311 600.149 1594.94
328.812 629.496 1571.64
-195.084 435.261 1561.98
584.238 509.908 1516.1
-434.268 518.721 1423.58
810.602 575.033 1346.08
204.514 421.317 1579.45
129.97 218.218 1583.24
317.945 237.407 1568
126.906 -539.222 1446.92
412.09 -162.201 1621.37
-8.40424 -436.958 1803.13
423.22 -556.45 1605.9
166.991 813.841 1585.52
187.246 611.778 1581.47
43.6412 597.118 1594.71
330.85 626.438 1568.23
-201.351 446.684 1559.64
584.186 515.983 1516.33
-444.007 534.326 1424.17
811.094 586.244 1345.94
206.643 418.266 1577.6
132.131 215.168 1582.38
319.951 234.342 1565.06
144.36 -556.144 1436.78
422.196 -165.015 1603.64
-7.88013 -443.933 1782.47
431.739 -563.082 1599.23
164.37 811.004 1585.38
185.512 609.041 1580.94
41.9923 593.72 1594.43
329.031 624.361 1567.45
-219.173 448.345 1550.32
586.88 513.734 1514.49
-461.581 549.119 1416.92
812.974 585.005 1341.83
205.759 415.624 1576.69
132.157 212.19 1581.27
319.857 232.226 1563.62
156.446 -549.878 1434.49
420.292 -167.887 1602.94
-9.50084 -444.419 1776.05
430.277 -561.123 1601.15
161.096 808.922 1583.26
183.142 607.047 1579.29
39.6059 591.124 1591.89
326.678 622.97 1566.69
-229.087 439.675 1541.66
584.17 507.222 1515.97
-472.675 543.304 1408.63
810.202 566.676 1338.48
204.255 413.714 1575.49
131.504 209.969 1579.93
319.233 230.795 1563.45
152.351 -546.262 1434.25
421.295 -167.68 1613.91
-9.91435 -443.44 1778.74
429.055 -558.939 1603.12
180.492 810.759 1583.66
196.628 608.425 1579.01
52.5648 596.706 1589
340.692 620.144 1569.01
-226.038 417.331 1534.77
572.492 486.761 1521.44
-480.666 479.06 1396.61
798.459 503.082 1339.39
212.082 414.655 1574.54
133.272 213.216 1576.62
321.798 228.552 1563.54
154.167 -539.553 1443.99
427.597 -170.334 1600.93
-4.86411 -436.862 1790.23
430.406 -558.497 1604.24
