251.375 790.063 1441.06
254.713 536.363 1541.93
81.8128 549.191 1570.63
427.614 523.536 1513.23
-129.956 387.607 1609.84
643.158 344.646 1526.85
-354.387 208.659 1432.5
805.328 178.042 1439.6
237.58 328.353 1531.69
134.518 126.717 1535.7
306.376 113.967 1507.18
75.5027 -312.036 1533.45
278.067 -317.124 1491.53
72.0119 -718.758 1632.72
250.473 -722.569 1627.96
250.986 790.248 1441.58
254.787 535.514 1542.13
82.1118 548.506 1571.77
427.462 522.523 1512.48
-107.256 367.023 1598.49
623.277 336.245 1539.54
-326.55 164.781 1421.77
781.492 138.653 1435.43
237.359 328.43 1531.36
134.125 127.802 1535.33
305.736 114.891 1505.87
76.0007 -310.463 1533.02
278.03 -315.138 1490.36
74.0894 -714.565 1634.47
249.403 -721.804 1625.11
252.285 796.07 1443.7
254.018 537.505 1541.49
83.0531 550.268 1572.62
424.983 524.741 1510.35
-95.3689 357.798 1601.82
609.411 324.898 1542.18
-290.704 128.254 1426.82
746.513 87.47 1425.93
236.612 330.398 1530.81
133.455 129.694 1535.74
304.956 116.891 1504.51
75.8684 -310.208 1533.26
278.655 -314.846 1489.58
79.6719 -710.4 1640
248.643 -720.133 1622.02
252.222 796.73 1443.89
254.296 537.987 1541.53
83.2313 550.986 1572
425.361 524.988 1511.07
-81.4178 347.47 1608.63
590.46 314.934 1535.3
-242.309 83.5426 1425.79
705.966 43.1743 1421.4
236.62 331.212 1530.51
132.813 130.982 1534.82
305.077 117.892 1504.15
76.679 -309.624 1533.09
278.994 -313.885 1489.74
80.196 -710.712 1638.54
249.146 -720.788 1624.35
252.283 797.301 1444.42
252.969 537.118 1541.83
81.1459 549.488 1572.14
424.792 524.748 1511.52
-54.251 307.377 1598.88
562.558 284.702 1535.49
-178.743 41.3136 1433.22
666.528 -48.812 1386.01
236.13 330.749 1530.59
132.37 130.638 1534.69
306.21 118.123 1504.02
75.5055 -309.97 1534.04
279.112 -314.029 1491.09
67.6083 -692.913 1623.93
247.593 -723.284 1624.82
252.238 797.529 1444.86
250.115 534.982 1541.57
78.7012 545.772 1572.91
421.528 524.192 1510.24
-37.7402 291.715 1595.43
548.687 270.142 1537.06
-119.656 4.75292 1449.91
588.997 -88.2015 1409.5
235.082 329.22 1530.2
131.082 129.059 1535.08
309.017 117.858 1502.55
74.9435 -312.116 1535.99
280.744 -314.694 1491.53
74.9284 -699.02 1636.49
247.026 -722.741 1623.4
253.354 790.966 1448.83
257.644 490.842 1537.43
83.6523 510.231 1567.39
431.636 471.454 1507.47
-8.76947 252.16 1610.98
471.858 178.908 1537.53
-27.2222 -48.0302 1492.56
458.495 -116.065 1426.64
233.998 293.136 1528.05
120.855 105.403 1534.08
299.848 85.4569 1503.26
73.8337 -309.181 1533.33
278.693 -337.816 1492.11
63.3038 -714.764 1626.92
247.211 -730.862 1625.55
252.836 783.706 1452.05
256.221 483.736 1535.05
89.9285 501.437 1565.38
422.513 466.035 1504.73
11.0262 240.136 1609.11
471.357 184.231 1538.14
9.80167 -27.2615 1509.67
418.903 -46.3818 1476.81
233.961 288.635 1526.87
119.447 103.355 1535.52
303.956 83.7145 1501.87
74.4233 -301.84 1535.91
278.906 -354.556 1486.19
68.7217 -701.863 1633.05
246.508 -740.132 1623.17
253.135 781.331 1453.31
253.572 494.905 1535.76
87.125 510.627 1566.9
420.02 479.183 1504.61
37.7368 247.802 1605.26
465.799 202.192 1544.83
-8.27266 -40.5637 1507.61
427.995 -72.4167 1469.79
233.17 298.16 1526.04
121.006 110.081 1533.49
304.53 92.7465 1499.15
74.7732 -309.642 1538.11
278.774 -338.403 1486.02
70.1457 -708.591 1637.07
246.818 -734.703 1621.4
248.726 780.036 1450.08
257.156 501.717 1531.66
95.3016 519.321 1561.1
419.01 484.113 1502.22
47.1232 255.539 1605.84
460.343 210.59 1544
-28.3607 -49.5514 1501.64
445.036 -120.063 1440.06
233.268 297.724 1522.31
117.07 103.77 1529.76
301.69 83.6902 1496.17
72.9343 -318.431 1538.64
277.571 -340.799 1488.96
69.9012 -712.737 1637
247.899 -732.846 1622.42
248.323 777.907 1450.16
257.759 506.334 1528.7
96.0916 524.858 1556.25
419.427 487.81 1501.15
43.8619 254.31 1604.54
461.669 215.647 1542.49
-49.0121 -52.9304 1495.97
503.038 -125.314 1429.45
232.882 301.276 1520.59
113 107.103 1528.67
303.008 85.3321 1496.29
72.8766 -313.882 1538.44
276.832 -338.812 1489.18
70.1058 -709.616 1638.77
248.096 -737.925 1621.93
247.867 776.257 1449.75
254.141 512.455 1522.4
88.4369 529.911 1545.54
419.845 495 1499.27
28.7142 256.518 1600.13
466.866 224.946 1538.76
-85.003 -42.1397 1498.08
565.164 -100.931 1422.3
231.711 306.108 1517.44
113.346 109.867 1525.86
305.214 89.6556 1499.07
71.9572 -317.241 1535.85
278.404 -336.058 1491.77
72.0288 -717.508 1642.33
249.765 -737.125 1622.66
245.903 775.658 1447.29
245.172 517.261 1521.44
86.4969 529.509 1548.99
403.848 505.013 1493.89
-13.0256 270.57 1593.83
513.743 250.484 1531.56
-187.564 9.02276 1486.51
690.34 -57.6801 1401.34
228.48 309.395 1517.71
116.618 108.875 1530.51
306.958 94.1824 1497.46
72.1081 -323.889 1539.57
277.726 -328.136 1488.44
72.2861 -728.469 1642.23
250.189 -731.454 1619.14
246.011 776.017 1450.98
248.122 515.927 1526.25
85.2705 529.499 1552.84
410.974 502.356 1499.67
-43.2582 291.505 1590.48
538.483 262.683 1528.21
-235.292 43.7484 1484.79
731.607 -25.4566 1401.17
229.996 309.197 1520.75
116.236 110.436 1530.87
307.503 94.4963 1499.64
71.5182 -321.873 1539.5
277.001 -329.233 1489.42
81.5405 -727.464 1629.97
250.45 -734.153 1619.46
244.614 775.893 1449.73
248.928 518.076 1525.86
84.0991 531.57 1550.39
413.757 504.582 1501.32
-59.3941 309.729 1595.76
555.305 279.724 1529.61
-285.526 72.639 1478.66
773.2 16.2501 1413.73
231.222 309.756 1521.48
118.007 109.254 1531.31
309.026 93.6167 1502.88
69.6624 -326.951 1540.69
277.813 -328.254 1489.38
78.3833 -730.315 1632.71
251.421 -733.522 1619.07
244.019 776.008 1449.26
248.813 519.068 1528.35
82.881 532.082 1553.68
414.746 506.054 1503.02
-73.3291 323.132 1600.37
576.906 307.999 1542.75
-323.012 108.377 1476.34
786.501 100.494 1437.57
231.679 310.196 1523.42
118.999 108.819 1533.07
310.091 93.8313 1503.91
70.0767 -329.896 1544.11
277.773 -326.809 1487.77
77.2562 -731.353 1638.05
251.577 -733.032 1617.22
242.643 776.956 1449.38
246.295 525.487 1528.25
77.2121 537.743 1550.92
415.378 513.23 1505.59
-112.014 353.269 1599.21
620.499 324.764 1540.28
-390.254 174.315 1464.56
809.064 211.584 1471.89
230.641 314.168 1525.75
120.024 109.733 1535.97
309.95 95.9654 1510.51
71.0502 -328.044 1546.31
276.4 -326.121 1484.66
79.7826 -730.2 1648.67
248.496 -730.832 1608.41
240.307 780.749 1447.62
245.405 537.621 1532.06
72.9731 549.587 1554.39
417.836 525.655 1509.73
-128.525 360.663 1599.35
639.832 337.281 1529.77
-411.023 203.552 1465.17
814.721 248.357 1478.51
229.816 321.059 1527.73
119.193 111.093 1535.71
309.262 97.9029 1511.1
71.201 -326.08 1545.05
275.869 -324.22 1484.5
80.0069 -728.78 1652.56
247.971 -731.58 1606.64
239.814 781.333 1446.85
245.273 534.813 1532.82
72.6956 546.779 1556.71
417.85 522.847 1508.93
-137.376 370.024 1598.75
645.38 339.889 1524.79
-428.037 232.223 1459.17
821.511 264.79 1478.3
229.655 320.25 1527.47
120.407 112.179 1535.08
307.669 99.1951 1509.16
71.1275 -325.41 1543.11
275.229 -322.366 1484.71
80.1243 -728.464 1651.73
248.291 -732.488 1606.76
239.654 781.943 1445.95
247.047 534.389 1534.09
74.9622 546.271 1559.04
419.131 522.507 1509.15
-148.15 380.2 1597.36
648.147 341.581 1521.1
-436.553 257.835 1461.81
826.904 274.633 1476.96
231.439 320.571 1528.27
124.262 113.077 1535.72
307.402 100.432 1509.17
71.1391 -325.322 1540.27
276.016 -322.311 1487.97
79.4619 -727.974 1649
248.861 -733.289 1608.62
239.74 781.888 1445.51
246.467 531.409 1533.77
73.0915 543.389 1559.82
419.842 519.43 1507.72
-157.139 383.965 1593.96
658.465 354.448 1526.62
-442.596 271.935 1461.87
828.11 285.967 1473.53
230.861 318.585 1527.78
124.06 112.061 1535.49
306.45 99.4593 1508.08
71.4835 -323.613 1539.64
274.276 -318.995 1488.03
79.9184 -726.124 1649.78
250.935 -723.283 1604.07
240.122 782.363 1445.09
245.92 534.285 1534.84
71.0025 545.831 1562.7
420.837 522.739 1506.99
-161.42 386.738 1590.03
661.874 359.289 1525.85
-438.502 276.542 1456.44
829.012 285.1 1473.95
230.728 320.386 1528.11
125.011 112.462 1535.78
306.06 100.511 1506.96
71.7489 -323.337 1539.91
274.923 -319.288 1488.16
82.0198 -726.406 1648.97
251.767 -717.089 1600.93
240.316 783.586 1444.59
244.95 538.501 1534.68
69.0717 549.519 1563.65
420.829 527.483 1505.7
-164.811 386.918 1588.29
649.037 381.743 1538.56
-437.478 266.928 1450.42
819.829 280.383 1477.23
230.489 324.153 1528.4
126.488 115.413 1536.88
305.566 104.195 1507.37
72.0147 -323.016 1540.75
275.591 -319.212 1488.28
82.3855 -727.649 1652.42
249.183 -714.17 1597.57
239.755 790.576 1449.27
247.535 540.455 1544.96
74.4796 551.562 1581.16
420.59 529.348 1508.76
-160.443 388.384 1588.3
634.824 369.078 1541.02
-403.577 236.914 1440.47
801.971 244.961 1463.7
231.351 327.682 1532.87
127.926 120.509 1539.04
302.409 109.31 1502.54
72.2708 -318.945 1542.11
276.479 -320.46 1487.69
84.3442 -723.655 1650.86
247.483 -706.463 1595.04
242.445 793.252 1452.85
246.152 541.109 1542.79
71.8223 552.077 1576.16
420.481 530.14 1509.42
-145.042 370.759 1599.29
633.245 372.684 1545.92
-382.698 207.28 1433.42
796.712 209.614 1455.73
230.619 327.83 1531.75
127.11 120.087 1537.55
303.064 109.016 1503.87
71.9563 -318.899 1541.79
276.635 -316.48 1488.94
83.4784 -723.498 1651.73
245.004 -706.089 1593.53
243.356 794.259 1453.31
246.067 540.568 1541.93
71.5472 550.917 1573.7
420.588 530.219 1510.17
-117.645 342.762 1600.52
609.889 337.557 1542.76
-298.993 120.896 1430.57
769.825 79.4123 1410.28
231.655 328.323 1531.89
129.67 121.272 1537.79
304.814 110.886 1505.92
72.3246 -318.076 1541.54
277.589 -316.734 1489.55
86.3048 -720.554 1665.67
238.486 -732.558 1594.07
243.739 794.825 1453.16
247.086 538.935 1540.49
73.0041 549.387 1570.26
421.167 528.482 1510.72
-97.9228 326.645 1598.54
595.14 319.305 1537.21
-261.494 77.9338 1423.81
733.81 29.5177 1401.84
232.782 326.957 1531.27
130.004 120.291 1537.19
306.953 109.667 1506.93
73.5426 -317.243 1540.99
277.753 -317.659 1489.98
89.0092 -719.208 1671.83
238.33 -735.627 1595.1
244.628 795.333 1453.08
247.288 537.723 1539.18
73.9977 548.157 1568.43
420.579 527.289 1509.92
-75.5243 311.625 1590.49
577.533 305.961 1532.33
-189.777 34.0777 1431.15
686.097 -31.7564 1389.62
233.078 325.987 1530.52
130.03 119.599 1536.87
307.706 108.901 1506.87
73.7659 -316.938 1539.82
277.495 -317.371 1490.78
89.8524 -717.13 1676.28
238.247 -734.305 1595.37
244.351 795.114 1451.66
246.473 538.22 1539.01
73.4983 548.104 1567.66
419.449 528.336 1510.37
-39.4589 290.364 1586.56
555.785 294.98 1533.46
-136.032 -15.107 1442.22
611.638 -71.319 1404.16
232.954 326.168 1530.54
129.689 119.245 1536.94
309.18 108.989 1507.21
74.1659 -317.153 1539.94
276.729 -317.655 1489.57
90.3875 -716.08 1679.54
238.489 -732.601 1594.68
244.375 794.576 1449.35
248.693 534.508 1533.82
77.7007 545.493 1555.22
419.686 523.522 1512.43
-20.8059 278.314 1587.29
530.75 267.047 1538.27
-58.0987 -50.6533 1461.23
537.681 -105.882 1417.47
233.876 321.514 1524.77
122.752 114.709 1527.76
315.367 102.334 1503.66
74.6379 -318.414 1543.25
276.035 -317.854 1486.42
90.6063 -717.038 1682.57
238.438 -732.937 1592.47
245.069 793.717 1448.48
258.417 524.415 1524.07
88.9485 541.748 1540.62
427.885 507.082 1507.51
-1.15828 269.096 1589.28
516.518 241.627 1557.06
-25.4739 -55.7705 1477
457.06 -133.023 1429.26
236.498 316.168 1517.73
116.966 117.904 1520.92
312.194 97.937 1501.85
75.4008 -313.83 1543.23
275.762 -326.468 1485.73
88.3247 -712.957 1681.46
238.661 -740.185 1592.75
246.118 792.722 1448.19
268.442 509.749 1520.52
99.1142 531.292 1535.48
437.77 488.206 1505.57
32.1683 256.544 1598.88
513.887 226.6 1558.56
13.6682 -40.6548 1505.78
396.016 -39.595 1374.08
242.301 307.553 1515.81
118.99 117.72 1519.67
313.33 92.9956 1502.51
75.6628 -312.768 1539.03
276.147 -331.363 1488.12
85.443 -712.59 1676.15
239.556 -742.029 1596.79
250.72 790.139 1444.6
271.071 518.438 1531.66
107.999 538.739 1553.89
434.142 498.137 1509.43
50.3394 255.612 1600.83
551.817 285.1 1671.52
-22.758 -51.1874 1494.62
461.256 -57.7645 1473.78
244.296 312.863 1522.99
123.048 119.049 1527.2
311.996 95.5264 1501.45
77.3892 -315.528 1541.12
276.708 -332.063 1485.75
85.9068 -716.697 1672.8
240.489 -742.528 1595.22
252.825 787.432 1444.78
273.966 514.067 1528.43
108.439 537.427 1547.13
439.493 490.707 1509.73
56.8059 258.78 1604.86
538.253 253.26 1647.71
-41.7749 -52.9598 1490.42
490.824 -92.2412 1455.25
244.225 309.672 1520.51
118.393 118.837 1523.44
310.576 91.7153 1501.73
78.4514 -312.607 1541.1
276.795 -337.393 1484.52
87.3839 -714.071 1669.17
246.495 -748 1601.38
253.367 789.898 1443.94
271.687 515.905 1528.55
106.271 536.814 1547.23
437.103 494.997 1509.88
53.5793 264.002 1606.48
528.963 246.922 1608.8
-71.8786 -33.1826 1495.8
525.248 -97.8661 1441.68
244.889 310.202 1521.49
121.439 116.715 1525.35
314.743 92.2812 1503.52
78.7421 -317.15 1538.66
279.624 -338.09 1485.03
90.2716 -714.174 1648.84
249.139 -741.818 1608.61
255.789 789.367 1442.85
271.181 516.367 1528.43
102.345 537.548 1549.27
440.017 495.186 1507.59
41.7771 266.277 1604.75
522.604 249.259 1571.38
-114.686 -11.1118 1496.57
584.446 -102.865 1427.76
244.607 311.117 1521.75
122.061 117.908 1526.91
314.005 93.8281 1503.22
79.0864 -316.916 1538.42
283.078 -344.929 1487.08
87.158 -718.243 1648.96
248.496 -744.371 1608.72
256.722 790.961 1441.72
270.034 517.756 1527.76
99.8951 538.631 1549.81
440.174 496.881 1505.71
20.1298 280.699 1601.88
524.97 260.492 1553.04
-162.535 6.84671 1499.46
636.342 -73.8434 1421.21
243.931 312.132 1521.01
121.364 118.344 1526.76
314.289 94.673 1501.76
79.2408 -317.118 1538.03
282.335 -341.346 1487.66
86.7381 -719.233 1649.95
250.929 -742.656 1610.65
256.396 795.219 1445.41
260.935 528.4 1523.13
93.3673 544.508 1547.78
428.503 512.293 1498.47
-16.6205 312.787 1593.77
536.133 282.571 1548.11
-255.263 56.9173 1497.17
740.673 -4.03273 1413.66
240.11 318.227 1518.9
121.664 117.438 1529.03
316.905 98.6709 1500.3
80.4676 -319.91 1543.11
286.272 -317.222 1483.99
86.5979 -722.786 1653.71
238.739 -717.291 1592.48
256.522 796.928 1445.64
261.214 527.507 1525.38
93.3885 542.674 1548.11
429.039 512.34 1502.64
-55.3807 322.216 1589.75
563.424 308.986 1544.83
-300.065 82.8222 1495.39
767.506 54.799 1424.6
241.852 319.344 1521.32
125.951 119.905 1530.34
319.031 102.456 1504.19
81.0682 -321.223 1542.71
284.54 -323.366 1485.84
86.1831 -724.466 1653.19
244.904 -721.031 1602.79
256.404 798.48 1446.1
258.161 531.856 1527.82
93.3246 544.943 1549.91
422.997 518.77 1505.72
-74.6971 333.015 1591.65
587.544 313.413 1542.18
-338.846 121.951 1498.62
791.535 104.566 1441.34
240.915 322.219 1523.32
128.545 120.134 1531.58
318.795 105.03 1506.08
84.8775 -318.038 1542.61
285.352 -324.414 1488.82
86.9772 -726.778 1645.93
247.868 -722.877 1609.38
255.99 801.479 1447.79
258.651 540.35 1530.08
93.96 552.327 1550.2
423.341 528.372 1509.96
-98.1971 360.415 1602.09
597.666 317.427 1538.27
-366.44 158.897 1495.38
812.035 147.141 1449.03
242.929 329.47 1526.92
130.524 125.621 1535.57
323.889 111.558 1511.95
84.7577 -315.29 1542.41
285.85 -328.719 1487.83
86.2864 -724.173 1648.84
248.065 -727.601 1609.77
256.139 803.645 1448.3
256.693 545.591 1534.86
90.3682 555.324 1556
423.017 535.859 1513.72
-111.472 368.112 1607.89
615.182 349.721 1543.22
-398.553 198.134 1492.16
823.532 179.323 1455.54
244.074 334.634 1532.7
135.843 129.272 1542.69
327.066 118.083 1518.38
84.4332 -316.521 1539.37
288.489 -326.202 1490.73
85.5219 -725.01 1647.45
248.785 -723.13 1613.33
256.168 805.601 1448.38
258.564 551.878 1536.67
89.1513 562.315 1557.66
427.977 541.442 1515.67
-117.079 380.296 1608
622.538 359.25 1544.94
-419.524 230.106 1489.48
823.28 205.822 1462.39
244.988 338.743 1533.06
136.58 131.45 1541.21
326.242 119.766 1517.71
84.9449 -315.023 1540.02
288.413 -326.627 1489
85.5482 -723.01 1649.12
248.208 -721.078 1615.08
255.712 807.197 1448.49
253.59 550.729 1540.35
81.3256 559.146 1565.87
425.855 542.312 1514.83
-151.228 381.372 1596.74
631.735 361.075 1527.37
-448.859 266.076 1476.76
828.258 248.239 1470.41
242.356 338.669 1534.46
138.907 131.114 1542.22
323.335 122.103 1514.9
84.3228 -315.701 1542.06
286.933 -317.853 1486.61
85.4871 -723.564 1652.06
249.264 -715.637 1616.41
255.072 808.182 1448.75
253.595 549.61 1539.14
81.8069 557.368 1565.14
425.383 541.851 1513.14
-166.68 388.413 1595.45
630.451 367.135 1531.23
-455.338 275.261 1474.94
823.233 255.193 1465.19
243.247 337.793 1533.97
143.221 130.026 1542.37
322.577 121.926 1515.23
83.3118 -319.685 1540.14
286.631 -314.925 1489.15
84.5496 -727.208 1650.71
249.965 -711.025 1619.28
254.28 808.419 1448.79
254.819 545.429 1536.8
82.6146 553.638 1564.77
427.023 537.22 1508.82
-171.417 392.99 1594.17
631.693 369.765 1531.92
-448.854 278.063 1468.64
821.333 250.902 1465.79
244.2 335.222 1533.11
145.412 129.217 1543.75
321.751 120.811 1515.11
82.0206 -322.492 1538.33
286.063 -314.391 1490.95
83.9625 -729.443 1649.8
249.618 -709.402 1621.06
253.464 808.137 1448.86
254.351 544.967 1535.02
82.2656 552.878 1563
426.437 537.055 1507.04
-171.107 395.267 1590.71
634.099 368.393 1533.18
-443.558 270.373 1459.04
816.41 234.914 1460.54
244.261 335.001 1532.33
147.572 129.017 1543.73
320.771 121.054 1515.57
81.9729 -322.751 1538.54
286.182 -315.25 1490.8
83.932 -729.626 1651.51
249.756 -709.705 1619.39
253.166 807.855 1448.98
256.278 543.624 1533.83
84.4467 553.011 1561.01
428.109 534.238 1506.65
-158.736 393.712 1593.01
632.83 364.705 1532.74
-430.593 255.478 1446.28
804.226 222.331 1450.55
244.272 333.795 1530.4
145.011 128.733 1540.77
319.522 119.2 1513.16
81.5935 -320.903 1537.94
286.273 -315.707 1491.11
84.2139 -727.523 1654.23
250.658 -711.365 1618.29
254.218 808.505 1450.44
256.712 544.8 1534.05
84.2454 555.139 1562.02
429.179 534.461 1506.08
-139.327 391.105 1591.19
631.969 360.374 1530.72
-400.431 234.762 1438.94
794.664 185.119 1436.59
243.42 335.855 1529.32
144.756 132.028 1538.43
315.498 121.793 1510.74
81.5588 -318.32 1536.17
285.756 -313.647 1493.08
84.3813 -725.104 1654.99
251.116 -709.751 1617.22
253.853 807.693 1451.7
257.165 544.686 1535.13
83.7015 554.969 1562.81
430.628 534.404 1507.45
-132.494 384.355 1586.86
634.161 349.819 1528.81
-377.081 197.822 1431.44
776.754 146.588 1427.82
243.935 336.419 1529.59
145.069 133.229 1537.72
316.341 123.076 1510.39
81.9604 -317.343 1536.54
284.698 -311.583 1493.68
84.5583 -724.009 1656.71
251.444 -711.82 1616.61
253.711 807.047 1451.91
262.257 542.503 1539.34
84.9585 554.192 1561.89
439.556 530.813 1516.8
-108.486 357.986 1581.97
614.501 317.245 1527.8
-290.47 118.549 1413.06
717.54 14.6359 1395.35
247.434 334.223 1530.76
147.679 131.543 1532.98
317.544 120.344 1511.38
82.4691 -316.297 1536.55
284.845 -313.012 1494.62
84.5885 -721.527 1658.26
256.362 -715.511 1613.06
253.854 806.888 1452.03
265.176 535.588 1545.32
86.2516 548.669 1563.67
444.101 522.507 1526.98
-95.7608 336.219 1586.19
590.646 291.765 1527.91
-236.203 67.0698 1419.78
681.821 -54.5731 1359.8
248.96 329.702 1533.97
146.478 130.122 1531.46
319.01 117.508 1513.77
82.3189 -318.06 1533.14
284.89 -314.499 1497.27
83.9544 -722.222 1655.68
255.977 -715.975 1617.92
253.929 806.787 1451.99
264.274 526.661 1543.29
86.6478 537.704 1560.9
441.899 515.617 1525.68
-63.1012 286.545 1568.7
564.441 275.271 1537.58
-169.714 7.40785 1410.68
606.551 -73.9519 1378.64
250.535 321.707 1533.25
147.285 122.318 1532.08
326.307 111.188 1514.33
81.9104 -324.792 1532.95
284.846 -309.761 1496.06
83.0337 -729.265 1655.58
256.351 -709.763 1618.24
253.929 805.794 1451.71
262.053 523.029 1534.09
87.8605 533.176 1556.84
436.245 512.882 1511.33
-40.3152 268.471 1557.97
543.995 267.344 1541.43
-105.95 -29.8757 1420.98
534.035 -88.4847 1406.41
249.094 316.092 1527.16
143.591 114.546 1532.33
328.681 103.765 1508.15
82.0264 -327.873 1533.5
285.081 -314.326 1490.9
82.8325 -732.205 1657.67
255.561 -708.775 1620.65
253.832 804.696 1451.33
262.223 512.13 1521.8
92.7042 528.055 1545.62
431.742 496.206 1497.98
1.34508 272.551 1572.34
513.294 239.636 1528.29
-35.7294 -52.9579 1446.22
482.088 -95.0542 1433.62
242.386 306.616 1518.02
124.232 110.338 1528.06
320.865 91.8668 1500.43
82.0048 -325.292 1529.84
284.926 -334.211 1491.78
82.384 -729.52 1654.22
249.532 -734.801 1622.84
252.639 802.532 1449.96
262.119 505.58 1518.92
93.9045 524.014 1543.28
430.334 487.146 1494.56
22.8581 269.509 1578.51
492.154 211.797 1528.2
-8.00328 -48.3593 1465.65
417.624 -119.466 1441.99
239.046 300.06 1515.11
115.362 105.565 1525.87
316.583 83.5136 1496.74
81.6684 -325.724 1529.73
283.038 -343.137 1490.65
82.5236 -729.4 1652.52
250.269 -734.088 1622.86
250.381 794.14 1450.83
261.379 494.743 1531.16
93.1362 511.747 1564.54
429.621 477.74 1497.79
50.4577 238.569 1593.79
483.79 202.273 1543.15
31.7632 -37.2756 1469.58
420.073 -80.7617 1483.14
239.125 293.874 1521.32
116.45 103.154 1531.39
317.292 82.8558 1491.55
82.7831 -327.041 1536.41
281.803 -342.594 1483.38
82.2994 -732.821 1652.41
249.71 -732.997 1615.68
249.945 787.688 1451.01
261.396 484.957 1535.24
94.5432 501.593 1571.02
428.249 468.321 1499.45
61.1374 220.787 1598.35
483.125 198.206 1559.86
-0.299086 -65.975 1461.79
446.607 -90.1691 1479.69
238.645 285.786 1521.75
117.046 96.4705 1529.46
314.743 76.7591 1487.06
82.9066 -332.204 1538.81
280.723 -340.56 1478.3
81.2382 -735.098 1654.99
249.525 -733.182 1612.09
250.277 785.349 1450.23
260.805 490.202 1528.62
95.8375 505.716 1561.74
425.772 474.689 1495.5
53.2973 228.729 1595.71
485.482 206.852 1551.42
-51.7519 -59.668 1448.39
491.824 -109.653 1430.74
240.055 290.268 1518.92
121.964 99.4876 1528.76
316.647 81.1795 1489.67
82.343 -333.617 1537.69
281.951 -329.515 1481.7
82.7465 -738.651 1661.59
251.568 -728.14 1609.92
251.206 783.564 1449.54
260.605 494.181 1524.56
97.1981 508.954 1556.36
424.012 479.408 1492.76
46.5274 235.818 1593.72
489.16 218.948 1544.04
-96.9341 -29.1675 1463.34
556.25 -93.371 1408.39
240.975 293.212 1517.05
124.335 101.013 1528.42
318.355 83.4732 1490.66
82.5426 -334.842 1536.96
283.519 -326.869 1483.33
84.1196 -740.432 1666.46
252.495 -727.135 1610.7
251.935 783.863 1449.36
260.286 496.976 1521.88
97.8774 511.049 1552.78
422.695 482.903 1490.97
10.3992 253.533 1577.43
517.114 241.721 1537.6
-156.53 -9.21625 1458.65
612.359 -75.6788 1391.01
241.58 294.982 1515.55
126.152 101.369 1527.64
319.595 84.6063 1490.83
82.7815 -336.047 1537.26
284.22 -326.527 1484.75
84.3692 -742.132 1668.64
253.33 -727.135 1611.02
252.702 783.654 1449.34
267.172 509.688 1524.73
98.6685 525.535 1552.92
435.675 493.841 1496.55
-23.8976 289.428 1571.79
534.477 243.797 1529.3
-199.751 30.8109 1456.89
679.013 -60.7171 1366.58
246.517 302.902 1517.52
129.589 105.17 1526.41
322.137 87.0613 1494.2
82.1191 -336.625 1535.77
284.18 -330.594 1485.21
83.9045 -743.707 1668.24
255.671 -724.173 1611.94
253.179 783.804 1449.54
265.111 513.631 1524.54
97.067 526.697 1552.58
433.154 500.565 1496.49
-48.7206 301.822 1580.8
553.891 255.805 1526.4
-260.049 62.9983 1455.87
722.302 -18.4889 1369.92
247.86 305.465 1518.16
137.832 104.512 1527.26
323.386 90.0848 1496.29
81.524 -338.403 1534.15
285.729 -332.705 1487.13
83.183 -744.894 1665.97
257.397 -723.316 1613.04
252.215 789.759 1451.98
264.926 532.35 1525.95
94.845 543.814 1553.85
435.007 520.885 1498.04
-79.1375 354.886 1597.09
638.357 328.185 1537.43
-343.64 136.737 1457.98
781.801 82.3497 1400.1
249.364 317.046 1519.55
140.96 108 1528.39
326.644 95.4843 1497.92
82.6052 -313.482 1537.17
307.431 -325.16 1510.46
84.0975 -725.544 1647.12
254.48 -716.814 1630.25
252.053 791.724 1452.84
263.486 539.036 1524.99
92.8249 550.024 1554.98
434.148 528.049 1495.01
-101.129 354.024 1594.38
638.368 337.678 1531.72
-389.367 172.227 1457.45
818.372 133.182 1407.96
248.5 321.169 1519.53
141.01 109.257 1530.32
326.017 97.3456 1497.81
83.0487 -323.342 1539.8
297.38 -323.003 1499.03
88.7405 -718.064 1647.96
250.2 -703.701 1641.68
251.586 792.91 1453.55
263.664 534.712 1522.53
93.6747 545.597 1553.05
433.652 523.827 1492.02
-115.119 367.544 1593.15
641.304 341.919 1523.43
-417.614 223.569 1460.65
843.679 179.788 1428.81
249.291 319.298 1519.31
143.947 109.708 1532.42
325.891 98.0579 1499.76
82.1595 -328.142 1537.45
292.633 -323.185 1494.95
88.3477 -717.944 1648.37
250.897 -697.68 1641.72
252.029 793.555 1453.84
264.414 532.403 1523.61
93.9166 543.638 1553.99
434.911 521.168 1493.22
-133.79 388.488 1591.41
651.374 347.243 1527.21
-442.495 261.598 1468.3
837.259 210.984 1442.52
249.688 318.168 1520.19
143.582 109.954 1533.06
326.341 97.9113 1500.49
82.039 -329.552 1536.21
293.047 -323.028 1493.04
88.5383 -712.393 1648.13
253.77 -694.489 1638.36
252.579 794.166 1453.97
263.199 537.987 1525.37
90.7123 548.109 1556.42
435.685 527.865 1494.31
-151.725 399.5 1590.28
659.742 358.133 1531.32
-454.534 289.742 1474.6
847.323 240.47 1440.03
249.82 322.306 1521.36
144.567 112.017 1533.89
328.315 101.234 1500.81
81.6706 -329.665 1535.34
293.265 -322.107 1493.11
86.2033 -720.632 1654.4
255.934 -698.379 1631.59
252.694 795.06 1453.79
260.899 538.508 1524.54
87.5184 548.202 1554.02
434.28 528.815 1495.07
-163.003 415.13 1585.23
689.611 385.149 1521
-469.352 322.663 1479.37
852.994 296.021 1450.99
248.182 322.396 1520.81
142.005 111.509 1532.96
328.924 101.058 1501.19
82.0415 -327.302 1536.12
292.856 -314.72 1491.35
86.3831 -718.445 1655.12
257.403 -694.425 1623.1
252.913 794.79 1453.22
258.921 537.486 1524.43
84.7332 546.157 1552.88
433.108 528.815 1495.99
-188.802 420.321 1572.13
699.704 415.898 1532.25
-467.772 335.945 1477.7
851.649 320.533 1454.52
247.795 322.422 1521.86
144.431 111.951 1534.35
328.907 102.768 1504.23
81.6582 -326.73 1535.54
293.502 -310.676 1491.6
88.8966 -721.352 1653.57
258.01 -679.159 1623.42
253.151 794.431 1452.78
258.258 538.014 1526.35
83.5985 546.651 1554.32
432.918 529.377 1498.37
-188.443 424.447 1574.2
697.134 405.758 1529.48
-492.605 342.558 1471.35
850.236 316.908 1457.26
247.16 323.687 1523.23
145.436 113.841 1534.62
326.686 104.878 1505.59
77.4984 -323.46 1528.3
292.553 -315.927 1491.91
88.7381 -720.393 1649.62
256.378 -685.486 1626.7
253.533 794.618 1452.78
258.058 538.761 1527.51
82.7344 547.176 1555.63
433.381 530.346 1499.4
-187.735 427.867 1577.04
695.857 397.639 1526.1
-467.383 325.074 1486.4
849.535 296.88 1460.13
247.32 325.224 1524.47
147.159 115.979 1535.76
326.005 107.395 1507.08
77.1644 -321.602 1524.24
292.254 -310.239 1491.32
91.2881 -735.219 1641.8
256.42 -685.254 1620.52
254.515 794.269 1452.8
259.208 537.49 1528.39
84.2741 546.678 1557.45
434.143 528.301 1499.32
-183.298 428.218 1580.19
699.379 393.592 1521.6
-466.42 317.041 1478.2
846.721 277.89 1452.64
247.383 324.173 1524.65
147.186 115.499 1535.6
323.93 106.215 1506.24
74.7544 -321.13 1518.98
291.42 -306.187 1490.54
90.2057 -735.563 1641.17
255.181 -685.846 1622.72
255.718 794.007 1453.04
259.707 536.536 1528.44
85.3444 545.95 1558.14
434.07 527.121 1498.74
-180.506 426.008 1582.64
692.964 386.563 1521.66
-462.498 287.421 1476.69
838.905 252.03 1454.69
247.504 324.017 1524.16
147.715 116.227 1534.8
322.886 106.769 1504.96
74.547 -319.66 1519.53
291.111 -311.168 1490.65
86.0662 -734.991 1637.82
255.336 -685.539 1617.44
256.496 799.149 1454.11
262.448 541.579 1532.3
87.4598 551.213 1563.18
437.436 531.945 1501.43
-164.41 416.001 1591.93
666.497 358.535 1516.14
-410.814 218.656 1468.26
797.608 211.567 1451.23
249.793 335.741 1524.81
150.88 134.652 1532.53
323.398 125.155 1502.09
74.6574 -306.179 1518.09
290.103 -315.894 1487.02
87.0572 -718.497 1637.79
254.922 -696.059 1616.14
256.762 804.878 1455.5
263.218 545.225 1535.2
87.915 556.123 1565.66
438.521 534.327 1504.75
-140.677 391.438 1590.48
648.452 343.77 1516.58
-370.372 167.528 1459.04
776.402 152.318 1443.19
248.85 342.439 1525.06
150.504 144.873 1529.51
318.459 134.432 1500.33
73.771 -299.721 1514.17
290.749 -317.413 1488.16
85.4492 -712.892 1633.85
256.068 -698.995 1608.38
257.425 809.401 1456.69
264.391 546.163 1533.86
90.1096 557.8 1562.27
438.672 534.527 1505.46
-118.128 359.473 1588.24
629.781 315.638 1514.24
-319.88 122.773 1457.08
762.029 42.0011 1412.94
249.109 339.921 1524.59
148.96 139.346 1529.15
318.693 128.013 1501.49
73.8743 -306.801 1514.28
290.285 -306.961 1486.3
80.7472 -715.545 1629.92
255.576 -692.988 1604.69
258.438 813.848 1457.02
265.277 551.866 1532.39
92.8082 564.089 1558.57
437.746 539.643 1506.21
-100.476 345.019 1588.92
604.997 307.607 1524.51
-268.268 68.2031 1450.74
705.105 0.11049 1409.53
249.14 343.707 1523.26
147.48 141.609 1527.12
318.525 129.487 1501.16
74.8182 -305.288 1514.84
289.608 -305.952 1485.8
81.5487 -716.734 1630.51
256.018 -694.2 1609.42
258.802 813.845 1456.98
260.941 541.059 1512.12
90.8067 553.195 1540.4
431.076 528.924 1483.85
-14.6068 257.604 1551.19
530.437 245.047 1521.22
-120.136 -24.6695 1445.77
534.536 -93.4551 1418.35
245.557 332.329 1509.14
136.715 130.265 1521.68
323.63 116.933 1490.62
79.8777 -336.938 1533.37
290.928 -337.036 1482.72
84.3855 -749.885 1636.34
236.522 -783.99 1602.96
257.007 812.585 1455.45
259.288 527.71 1504.18
86.7131 542.194 1524.16
431.863 513.226 1484.2
-8.7972 265.312 1551.93
511.454 232.429 1540.06
-43.6638 -54.6648 1451.02
477.794 -94.824 1446.81
242.158 323.875 1503.99
128.714 128.123 1514.96
321.343 111.956 1492.66
87.0237 -335.424 1540.78
290.365 -353.625 1483.42
86.274 -743.1 1639.66
235.775 -791.885 1600.14
255.654 804.391 1456.69
258.055 506.158 1514.39
85.2897 520.855 1533.3
430.82 491.462 1495.47
15.4728 246.131 1578.44
496.524 215.728 1547.23
-4.89859 -49.6811 1462.15
389.609 -30.0706 1373.36
240.751 309.568 1509.08
127.215 121.164 1514.31
319.679 104.792 1493.24
89.3263 -331.065 1539.9
287.317 -340.769 1478.09
86.7249 -736.649 1640.91
236.967 -793.899 1598.46
256.197 798.432 1453.2
259.72 501.157 1516.16
87.8728 519.753 1538.5
431.567 482.561 1493.82
38.3635 258.08 1592.11
475.223 200.143 1528.38
-14.3085 -24.1207 1472.73
455.584 -121.876 1440.87
236.516 299.768 1505.31
121.378 108.326 1506.41
305.246 88.4293 1482.5
86.2413 -337.994 1528.87
287.705 -344.422 1486.11
85.1336 -742.552 1633.31
239.264 -787.838 1605.06
256.293 791.862 1448.91
268.575 487.197 1513.27
89.3895 512.962 1537.7
447.76 461.432 1488.84
45.486 257.423 1590.86
473.704 199.981 1525.66
-39.0582 -49.6118 1470.33
498.913 -129.437 1429.25
238.464 287.5 1503.02
113.87 101.389 1505.65
302.836 74.2177 1479.9
83.1535 -337.561 1519.13
287.358 -344.991 1493.92
83.6242 -740.372 1625.47
241.202 -783.964 1608.21
256.764 787.707 1444.64
265.899 498.95 1512.79
90.7521 521.495 1534.6
441.046 476.405 1490.99
37.8442 254.453 1584.9
483.878 211.284 1530.32
-60.1702 -32.4542 1466
564.369 -118.101 1428.2
238.45 294.683 1503.5
113.599 102.953 1506.34
308.403 77.8786 1482.09
82.3411 -338.895 1521.4
285.977 -348.224 1493
82.5591 -742.719 1624.64
241.582 -778.614 1605.29
253.902 789.448 1442.51
264.109 506.07 1512.43
90.8553 526.679 1533.37
437.363 485.46 1491.49
28.4313 256.699 1579.58
501.431 231.504 1527.21
-110.472 -5.96661 1464.92
612.783 -95.2254 1432.01
238.509 299.821 1503.61
113.789 105.362 1506.78
312.029 81.7808 1482.82
79.9586 -329.844 1520.33
286.529 -346.607 1492.84
78.0101 -744.856 1622.2
241.734 -775.959 1604.35
251.276 791.629 1438.94
262.28 509.333 1512.61
89.9255 528.693 1535.86
434.635 489.973 1489.35
7.16352 264.796 1574.04
532.284 234.638 1518.82
-159.405 12.7832 1458.18
674.746 -69.4857 1410.15
238.403 305.287 1505.51
114.684 112.456 1511.88
314.367 90.0261 1484.94
78.5346 -333.593 1520.16
280.728 -324.726 1482.19
63.0423 -748.483 1611.79
243.167 -767.16 1605.93
248.822 793.569 1435.61
259.741 516.581 1514.4
86.7063 530.481 1540.95
432.776 502.682 1487.85
-62.6311 314.467 1568.09
546.568 293.813 1528.81
-278.025 71.3997 1435.52
743.1 64.9293 1430.81
242.912 316.002 1509.73
133.005 122.9 1519.34
319.162 107.947 1490.78
76.0865 -333.439 1519.47
286.43 -300.71 1482.77
64.8631 -755.584 1611.43
241.747 -717.438 1629.13
250.58 798.228 1439.12
255.954 527.896 1518.17
82.7047 537.186 1548.84
429.204 518.606 1487.51
-71.5573 331.991 1562.52
557.602 326.762 1531.38
-306.444 121.179 1438.59
775.35 96.283 1429.43
244.15 322.111 1513.82
142.82 121.125 1525.32
321.87 111.524 1493.63
74.7688 -334.028 1515.79
287.654 -293.826 1481.78
65.7778 -758.178 1611.22
238.695 -688.745 1616.22
251.837 801.211 1442.07
255.395 529.104 1521.39
80.073 538.963 1552.8
430.717 519.245 1489.99
-98.7641 333.405 1569.75
589.802 338.208 1532.55
-353.97 155.206 1427.9
797.089 132.85 1446.06
242.597 321.552 1515.11
138.816 119.117 1525.11
320.783 108.884 1492.52
75.5683 -330.611 1516
288.181 -308.24 1483.8
67.5169 -753.995 1613.52
241.329 -703.19 1614.38
252.997 802.723 1444.6
256.007 533.959 1524.06
81.7258 544.085 1555.7
430.289 523.832 1492.42
-113.14 347.572 1575.04
604.865 338.036 1536.94
-382.875 206.776 1423.07
820.257 164.372 1453.68
242.431 325.649 1515.95
137.987 122.619 1524.34
319.723 112.059 1491.35
78.1398 -320.463 1517.14
288.562 -305.389 1478.83
70.938 -746.725 1617.63
242.696 -713.418 1610.38
251.754 803.171 1444.7
255.744 536.184 1522.09
83.6607 547.634 1555.65
427.827 524.734 1488.53
-147.287 375.028 1575.24
614.203 337.516 1525.24
-413.506 248.154 1416.65
823.981 202.029 1452.17
240.321 331.005 1513.01
136.926 131.68 1521.08
312.869 119.973 1486.77
77.7032 -312.354 1513.91
286.771 -310.077 1480.54
72.0469 -740.191 1617.07
241.501 -714.109 1610.99
250.672 803.501 1444.12
255.581 536.253 1521.25
84.8207 549.092 1557.13
426.342 523.413 1485.37
-160.355 388.331 1570.23
617.313 340.889 1529.34
-424.313 286.849 1418.07
823.02 243.466 1459.53
238.188 333.324 1511.09
134.832 136.858 1518.99
306.756 123.931 1482.86
76.5319 -304.224 1510.7
285.055 -313.155 1482.41
71.9048 -735.563 1615.75
242.155 -717.044 1608.58
249.348 803.532 1444.71
253.593 532.931 1523.42
81.4218 545.934 1563.91
425.764 519.928 1482.93
-190.759 398.047 1555.17
629.856 367.152 1536.46
-437.904 314.088 1413.04
824.637 254.987 1451.24
235.592 333.35 1510.97
135.459 139.972 1517.84
299.724 127.566 1479.21
73.9523 -302.281 1506.95
283.709 -314.658 1483.61
70.9247 -732.421 1613.04
242.956 -720.146 1608.83
248.113 802.952 1444.47
250.344 533.75 1520.28
74.7344 546.248 1557.7
425.954 521.251 1482.86
-188.727 403.89 1552.02
660.044 378.389 1520.85
-436.374 367.684 1416.09
834.593 298.08 1453.18
233.972 332.553 1510.65
135.228 137.218 1518.57
299.973 125.493 1483.46
71.8542 -301.142 1504.16
281.849 -310.899 1482.67
70.8622 -731.288 1614.45
242.826 -718.39 1607.32
247.537 802.089 1444.03
251.316 531.805 1518.31
77.1956 544.641 1553.38
425.436 518.97 1483.25
-189.14 426.812 1550.41
657.875 385.358 1530.27
-438.21 381.606 1410.87
831.021 305.838 1454.11
234.94 330.442 1510.71
134.755 135.256 1519.99
302.375 122.9 1486.23
70.884 -301.753 1505.87
281.66 -308.598 1481.47
73.41 -726.521 1618.75
242.472 -717.397 1606.03
247.322 801.768 1443.01
247.179 536.98 1515.52
71.713 548.608 1548.64
422.645 525.351 1482.4
-198.513 439.899 1544.51
650.485 368.668 1510.86
-445.778 382.836 1408.74
831.28 307.274 1459.2
232.601 332.695 1510.01
133.177 134.033 1520.52
302.869 122.787 1488.49
70.7108 -304.359 1507.73
281.064 -306.084 1480.35
73.774 -728.845 1618.78
241.647 -714.697 1600.75
247.072 802.005 1442.27
247.505 538.389 1515.3
73.3781 551.118 1549.47
421.632 525.66 1481.12
-196.55 444.988 1545.03
653.286 370.932 1514.5
-431.791 376.042 1403.94
827.709 296.189 1455.06
231.568 334.807 1509.92
131.681 137.362 1521.03
299.583 125.088 1488.08
67.5055 -300.386 1507.89
280.358 -306.427 1480.03
72.348 -723.345 1620.04
241.595 -715.18 1599.75
247.359 801.787 1442.09
248.036 538.804 1515.4
73.8311 552.5 1549.69
422.24 525.109 1481.11
-197.87 440.589 1546.34
667.062 345.867 1497.01
-427.658 360.777 1406.73
824.156 272.626 1454.43
230.941 335.339 1509.82
130.663 138.414 1520.61
297.031 125.334 1487.87
66.194 -299.602 1508.63
279.543 -307.597 1479.92
54.906 -739.689 1612.29
241.566 -716.304 1600.55
249.358 802.75 1442.63
247.894 539.058 1515.08
73.9049 552.716 1550.02
421.883 525.399 1480.14
-170.395 423.618 1556.34
662.062 345.837 1503.63
-404.273 296.354 1398.08
800.17 201.832 1436.7
230.661 335.982 1508.65
131.455 139.342 1518.68
295.4 126.472 1485.76
66.2447 -301.118 1508.43
279.908 -306.951 1481.61
55.3353 -737.753 1607.69
241.87 -715.542 1600.28
249.528 803.159 1442.32
245.505 542.136 1512.8
73.5722 554.935 1549.34
417.437 529.338 1476.26
-155.168 396.111 1560.26
622.491 344.302 1514.91
-379.181 257.207 1396.77
795.932 160.08 1435.25
228.901 338.091 1506.14
130.488 140.135 1516.86
294.105 127.956 1482.09
66.7383 -302.676 1510.1
279.355 -306.364 1480
56.6702 -737.507 1607.94
241.001 -714.048 1597.24
249.955 803.189 1441.76
244.143 542.032 1512.04
73.0701 553.6 1548.96
415.217 530.464 1475.13
-131.654 370.115 1565.94
604.011 340.74 1520.58
-344.119 201.223 1394.09
763.781 103.133 1427.91
228.954 337.627 1505.7
130.838 138.83 1517.25
296.69 127.615 1481.47
67.3505 -302.537 1512.6
279.26 -305.704 1479.22
58.3929 -737.905 1608.84
240.483 -715.353 1596.12
250.407 803.466 1440.61
242.958 542.948 1511.22
70.6497 552.006 1545.06
415.267 533.889 1477.38
-108.128 337.085 1563.47
584.82 334.312 1527.41
-299.094 127.625 1393.06
730.887 45.8553 1413.43
231.193 337.601 1506.28
131.627 136.871 1518.59
307.23 127.639 1484.1
68.4316 -303.493 1514
278.523 -304.556 1476.54
60.6223 -739.207 1611.4
239.863 -713.363 1593.22
250.803 803.649 1439.16
243.12 543.441 1511.04
70.7531 553.325 1545.11
415.486 533.557 1476.98
-78.8212 330.732 1573.85
565.999 303.308 1530.29
-246.615 72.6828 1404.94
695.917 -38.2997 1376.14
230.339 337.822 1506.03
131.075 137.163 1518.11
304.04 127.245 1483.93
68.1414 -303.841 1513
279.068 -310.328 1477.15
61.6735 -738.744 1611.48
239.734 -714.865 1589.47
250.955 803.556 1438.12
241.635 542.264 1511.12
69.925 550.237 1543.39
413.344 534.29 1478.85
-57.6189 292.838 1572.93
548.659 270.953 1526.98
-171.769 12.0853 1420.15
613.033 -80.0801 1391.77
231.274 334.561 1507.31
129.463 131.106 1520.69
312.362 122.613 1486.31
67.2872 -309.327 1516.22
282.399 -313.448 1477.71
63.2072 -744.742 1614.91
239.299 -710.623 1586.26
251.762 791.439 1443.13
257.515 460.17 1509.5
88.1498 476.903 1547.21
426.881 443.436 1471.8
-3.17975 196.057 1559.4
512.182 180.243 1529.36
-38.833 -29.4948 1461.15
452.088 -186.523 1412.41
238.427 279.339 1504.01
128.281 107.506 1518.79
310.396 89.5127 1478.25
71.0812 -297.039 1519.46
282.321 -346.966 1477.48
64.3672 -722.691 1622.62
237.897 -730.334 1585.23
252.327 786.036 1445.28
257.384 466.759 1515.02
90.1651 483.979 1553.19
424.602 449.538 1476.84
22.8212 215.104 1579.48
492.194 169.088 1528.45
9.59811 -27.7097 1485.96
406.402 -115.675 1463.5
236.93 284.148 1507.8
125.722 110.883 1521.3
307.231 92.1908 1479.86
70.0438 -291.707 1519.15
281.205 -344.374 1476.34
64.5259 -715.337 1625.28
238.671 -738.492 1585.78
252.431 781.722 1447.52
257.658 471.199 1513.75
93.8036 488.154 1552.73
421.512 454.244 1474.78
42.7938 216.413 1585.36
466.09 156.343 1536.55
-10.8612 -49.091 1476.43
412.16 -139.956 1445.91
236.757 283.052 1507.73
124.469 104.361 1523.45
307.245 85.4485 1479.98
72.7326 -308.089 1521.69
280.512 -348.344 1476.04
65.6237 -713.664 1626.96
239.271 -743.459 1587.12
252.509 777.519 1449.34
256.148 471.825 1513.54
94.3748 490.699 1555.15
417.922 452.95 1471.93
39.9699 228.597 1606.43
452.778 155.164 1531.62
-21.2101 -44.4571 1469.22
440.008 -165.295 1420.02
231.867 277.698 1507.2
119.973 93.7936 1523.39
295.2 73.3494 1478.32
70.898 -323.74 1519.43
275.598 -357.034 1479.86
66.7047 -719.185 1626.74
239.475 -744.51 1590.73
250.508 775.86 1446.68
251.655 484.064 1508.15
87.7199 501.77 1543.21
415.591 466.358 1473.09
33.6701 224.47 1611.18
452.643 172.297 1524.74
-40.0214 -39.7606 1466.49
496.63 -154.473 1421.14
229.135 283.125 1504.32
115.007 92.0792 1520.09
298.221 72.291 1480.91
69.5491 -317.553 1514.95
277.633 -362.002 1483.37
66.7772 -719.601 1624.09
240.081 -746.277 1593.52
248.958 776.645 1444.74
245.323 500.39 1502.86
75.163 516.014 1533.84
415.483 484.767 1471.88
23.56 232.53 1600.61
456.211 195.742 1519.29
-91.2378 -30.3219 1460.96
558.19 -124.137 1413.12
225.944 292.385 1501.32
112.777 92.9913 1516.86
300.354 75.7686 1482.7
68.4706 -317.232 1512.96
288.772 -362.996 1493.1
67.34 -725.13 1622.95
240.298 -743.281 1596.04
248.654 780.971 1444.34
242.419 516.395 1498.38
71.7578 530.864 1527.5
413.08 501.925 1469.27
12.2472 245.547 1591.43
474.546 229.809 1519.68
-143.115 0.716969 1456.29
613.911 -107.371 1401.23
224.581 306.715 1498.03
110.563 105.19 1514.08
302.922 88.8804 1481.26
68.549 -324.313 1517.47
285.009 -346.217 1486.4
68.7969 -736.244 1627.63
239.297 -734.288 1592.87
247.967 784.854 1443.04
242.239 522.906 1498.32
71.9245 537.947 1525.94
412.554 507.864 1470.69
-4.20206 264.309 1585.35
513.309 269.137 1520.14
-194.895 18.705 1447.49
661.485 -70.2923 1388.89
224.037 316.583 1498.43
107.99 118.901 1514.42
303.679 101.619 1482.68
67.5222 -327.749 1517.34
284.155 -341.161 1487.66
68.7139 -743.539 1627.83
240.201 -729.198 1594.72
245.471 788.502 1439.55
243.173 526.907 1501.76
72.1773 542.045 1528.59
414.168 511.769 1474.92
-31.2662 292.482 1571.11
550.593 277.45 1519.49
-247.924 44.5968 1448.03
721.385 -36.2256 1376.89
224.594 318.872 1500.73
106.639 119.634 1515.3
305.393 102.039 1484.11
67.5195 -328.34 1518.71
281.365 -337.606 1486.69
70.5832 -748.791 1628.47
239.046 -721.994 1598.14
244.934 793.309 1438.71
243.785 530.302 1507.87
71.8465 543.906 1531.53
415.724 516.698 1484.21
-57.0968 296.552 1569.1
567.503 287.669 1516.39
-303.733 75.0542 1442.35
731.42 49.538 1407.5
227.111 323.15 1505.81
110.912 123.873 1517.44
309.963 108.123 1490.05
67.5501 -327.792 1518.51
280.691 -335.338 1487.73
51.8374 -743.004 1602.05
240.076 -724.293 1603.35
244.45 796.868 1437.98
244.092 533.53 1509.62
72.9483 546.877 1535.54
415.236 520.183 1483.71
-85.0433 317.247 1569.16
598.823 307.554 1516.77
-343.755 111.788 1442.54
764.621 78.8892 1400.28
227.316 324.357 1506.56
112.971 122.794 1518.28
308.109 107.576 1488.72
67.3073 -328.155 1518.32
280.029 -333.783 1489.15
52.6821 -741.82 1602.44
240.595 -727.947 1605.6
244.542 799.649 1437.76
245.806 538.853 1517.86
74.0017 550.844 1547.68
417.611 526.863 1488.04
-132.386 367.059 1594.32
620.756 329.429 1507.69
-407.486 212.282 1444.28
883.003 136.815 1373.43
230.219 327.552 1513.02
123.026 122.645 1524.08
306.238 109.858 1492.28
66.5779 -325.071 1517.1
280.902 -333.446 1491.7
53.4066 -739.904 1601.99
240.848 -730.311 1607.04
244.628 802.088 1437.48
247.242 542.324 1519.84
74.3474 557.669 1551.11
420.136 526.98 1488.57
-136.423 375.906 1591.87
633.147 338.041 1505.57
-438.71 248.479 1444.38
820.287 217.985 1427.5
227.028 331.2 1511.68
119.83 127.795 1519.25
293.8 112.355 1487.79
65.9316 -314.003 1515.25
283.667 -329.764 1496.68
51.7969 -726.319 1603.09
241.516 -737.739 1607.36
244.53 803.359 1437.3
247.317 545.515 1520.38
74.0677 561.962 1553.97
420.567 529.068 1486.79
-163.607 405.834 1593.61
643.05 353.249 1504.09
-461.314 309.469 1449.4
833.11 236.877 1428.99
225.611 335.344 1511.33
120.159 133.124 1518.52
287.651 117.224 1486.05
65.9168 -315.556 1516.97
283.355 -333.041 1497.42
55.805 -730.076 1607.33
243.195 -738.07 1606.16
244.253 804.194 1437.22
244.613 546.016 1521.44
71.0436 559.589 1555.29
418.183 532.443 1487.59
-175.525 412.449 1568.85
646.328 366.005 1512.88
-459.492 328.173 1446.74
836.892 272.77 1428.53
226.305 334.091 1512.54
122.072 128.884 1520.39
293.921 115.446 1486.88
66.6742 -321.756 1520.05
281.296 -322.437 1494.44
53.4882 -736.138 1610.72
242.774 -731.167 1603.03
243.632 805.174 1437.3
242.274 546.423 1520.85
69.4914 558.754 1552.69
415.056 534.093 1489
-180.847 418.58 1569.2
627.691 384.729 1508.47
-440.416 348.961 1449.79
825.333 313.925 1448.61
225.613 333.321 1512.97
121.888 126.433 1521.14
296.017 114.006 1489.04
67.8118 -319.6 1522.32
280.241 -325.857 1493.89
53.6756 -736.156 1611.36
242.296 -732.858 1600.35
243.085 805.511 1437.36
241.674 545.517 1520.36
68.5226 557.52 1549.87
414.825 533.514 1490.86
-185.251 422.136 1571.01
635.236 381.201 1513.22
-440.912 340.499 1444.7
829.376 300.335 1443.79
225.675 332.426 1513.16
121.555 125.444 1520.97
297.796 113.227 1490.94
67.5065 -319.082 1523.11
280.208 -326.898 1493.86
54.7479 -736.286 1612.63
242.593 -732.743 1598.54
242.679 805.146 1438.43
241.441 543.729 1520.95
67.8818 555.439 1550.5
415.001 532.018 1491.4
-187.106 418.289 1572.34
640.596 379.59 1515.33
-443.207 323.657 1427.59
821.406 286.946 1441.38
225.899 331.695 1513.69
121.978 125.626 1521.48
298.735 113.699 1491.39
66.4205 -322.702 1523.5
281.678 -324.399 1494.81
55.6433 -740.919 1613.4
244.182 -730.527 1599.11
242.401 805.561 1438.76
241.586 544.796 1521.09
68.1257 556.8 1549.17
415.046 532.793 1493.01
-152.798 399.623 1572.22
639.763 363.746 1501.51
-428.963 252.697 1414.61
810.887 236.386 1439.79
225.744 333.047 1513.75
122.217 127.367 1520.6
297.589 115.231 1492.21
66.7631 -322.413 1523.61
281.795 -322.975 1492.92
57.4334 -741.115 1615.56
244.986 -731.17 1597.8
242.406 805.496 1439.48
241.443 543.342 1521.87
68.1816 555.16 1550.29
414.704 531.524 1493.44
-143.546 383.911 1570.9
642.183 366.219 1509.1
-396.219 213.927 1412.3
801.648 198.328 1424.65
225.836 333.122 1514.14
122.678 128.874 1520.77
297.78 116.931 1492.04
67.3958 -322.398 1524.33
281.925 -323.125 1490.99
60.0693 -739.888 1619.48
245.191 -730.576 1596.43
242.233 810.026 1434.5
241.351 544.877 1522.3
67.8842 556.367 1548.82
414.818 533.387 1495.78
-113.54 352.565 1578.31
605.633 338.178 1522.49
-308.883 102.771 1400.98
748.736 109.072 1405.3
226.197 334.13 1514.48
123.339 129.191 1520.07
298.747 117.573 1493.26
67.5198 -320.613 1524.83
280.832 -318.736 1489.73
60.6468 -740.604 1619.84
246.046 -729.423 1596.29
242.119 810.14 1434.68
241.965 543.986 1521.98
68.8764 555.446 1546.68
415.054 532.526 1497.28
-89.8249 323.66 1568.7
587.42 306.2 1524.19
-254.373 56.3755 1405.53
714.5 15.5093 1373.28
227.004 333.759 1514.67
124.21 129.347 1519.9
299.874 117.716 1494.83
68.2744 -319.332 1524.64
280.523 -319.002 1492.17
63.1312 -740.968 1617.36
250.546 -727.075 1602.05
243.34 810.298 1445.28
239.041 555.846 1508.01
64.5808 564.921 1521.51
413.502 546.771 1494.5
-77.6129 291.541 1542.11
565.778 279.744 1524.31
-210.723 44.4027 1413.33
671.053 14.5164 1406.19
229.065 345.563 1520.44
125.421 140.153 1540.12
312.757 130.409 1525.62
101.315 -319.858 1527.68
296.005 -341.627 1523.48
102.456 -757.284 1559.79
267.491 -782.238 1629.87
268.43 781.827 1488.96
253.321 531.877 1514.64
79.0115 545.361 1526.28
427.63 518.392 1503
-36.2987 259.379 1543.53
550.894 236.604 1530.96
-159.024 0.881302 1427.35
649.335 -36.6189 1425.89
237.152 321.617 1516.08
123.527 118.896 1524.03
318.438 103.818 1511.01
80.0861 -350.888 1501.25
305.022 -368.326 1509.4
80.667 -804.764 1517.59
279.694 -811.502 1605.44
286.128 767.837 1508.98
265.951 519.798 1516.38
91.6992 535.29 1526.25
440.203 504.306 1506.52
-1.33954 241.147 1540.51
539.402 212.9 1531.46
-114.033 -26.6756 1435.87
630.882 -66.8982 1438.06
247.061 309.796 1512.5
127.111 108.779 1514.34
329.229 90.8097 1502.9
82.9886 -352.443 1517.17
318.488 -381.404 1501.67
46.8453 -799.351 1532.99
295.97 -826.662 1588.33
